0001_0008_0007_0033_0033.jpg 1 8 7 33 33
0002_0018_0012_0025_0025.jpg 1 18 12 25 25
0003_0009_0007_0027_0027.jpg 1 9 7 27 27
0004_0015_0022_0025_0025.jpg 1 15 22 25 25
0005_0014_0016_0026_0026.jpg 1 14 16 26 26
0006_0007_0007_0032_0032.jpg 1 7 7 32 32
0007_0007_0013_0034_0034.jpg 1 7 13 34 34
0008_0008_0014_0028_0028.jpg 1 8 14 28 28
0009_0003_0014_0032_0032.jpg 1 3 14 32 32
0010_0009_0012_0030_0030.jpg 1 9 12 30 30
0011_0010_0003_0025_0025.jpg 1 10 3 25 25
0012_0011_0020_0027_0027.jpg 1 11 20 27 27
0013_0009_0006_0031_0031.jpg 1 9 6 31 31
0014_0010_0013_0026_0026.jpg 1 10 13 26 26
0015_0004_0006_0030_0030.jpg 1 4 6 30 30
0016_0009_0006_0034_0034.jpg 1 9 6 34 34
0017_0015_0020_0024_0024.jpg 1 15 20 24 24
0018_0004_0005_0033_0033.jpg 1 4 5 33 33
0019_0011_0008_0033_0033.jpg 1 11 8 33 33
0020_0003_0003_0032_0032.jpg 1 3 3 32 32
0021_0006_0015_0027_0027.jpg 1 6 15 27 27
0022_0007_0019_0026_0026.jpg 1 7 19 26 26
0023_0003_0006_0030_0030.jpg 1 3 6 30 30
0024_0005_0012_0026_0026.jpg 1 5 12 26 26
0025_0010_0008_0034_0034.jpg 1 10 8 34 34
0026_0006_0004_0026_0026.jpg 1 6 4 26 26
0027_0014_0007_0030_0030.jpg 1 14 7 30 30
0028_0004_0017_0029_0029.jpg 1 4 17 29 29
0029_0008_0005_0024_0024.jpg 1 8 5 24 24
0030_0007_0008_0034_0034.jpg 1 7 8 34 34
0031_0011_0019_0027_0027.jpg 1 11 19 27 27
0032_0013_0017_0030_0030.jpg 1 13 17 30 30
0033_0022_0022_0024_0024.jpg 1 22 22 24 24
0034_0016_0016_0031_0031.jpg 1 16 16 31 31
0035_0010_0003_0030_0030.jpg 1 10 3 30 30
0036_0015_0002_0031_0031.jpg 1 15 2 31 31
0037_0009_0008_0034_0034.jpg 1 9 8 34 34
0038_0012_0010_0029_0029.jpg 1 12 10 29 29
0039_0009_0009_0033_0033.jpg 1 9 9 33 33
0040_0023_0021_0024_0024.jpg 1 23 21 24 24
0041_0002_0016_0032_0032.jpg 1 2 16 32 32
0042_0010_0004_0033_0033.jpg 1 10 4 33 33
0043_0012_0004_0028_0028.jpg 1 12 4 28 28
0044_0016_0014_0031_0031.jpg 1 16 14 31 31
0045_0008_0009_0029_0029.jpg 1 8 9 29 29
0046_0005_0003_0031_0031.jpg 1 5 3 31 31
0047_0011_0005_0034_0034.jpg 1 11 5 34 34
0048_0007_0013_0027_0027.jpg 1 7 13 27 27
0049_0007_0005_0033_0033.jpg 1 7 5 33 33
0050_0012_0010_0026_0026.jpg 1 12 10 26 26
0051_0020_0004_0025_0025.jpg 1 20 4 25 25
0052_0006_0016_0026_0026.jpg 1 6 16 26 26
0053_0003_0014_0026_0026.jpg 1 3 14 26 26
0054_0008_0008_0034_0034.jpg 1 8 8 34 34
0055_0010_0017_0026_0026.jpg 1 10 17 26 26
0056_0004_0012_0033_0033.jpg 1 4 12 33 33
0057_0004_0005_0024_0024.jpg 1 4 5 24 24
0058_0002_0015_0032_0032.jpg 1 2 15 32 32
0059_0002_0007_0033_0033.jpg 1 2 7 33 33
0060_0005_0014_0029_0029.jpg 1 5 14 29 29
0061_0021_0016_0026_0026.jpg 1 21 16 26 26
0062_0012_0006_0027_0027.jpg 1 12 6 27 27
0063_0003_0020_0025_0025.jpg 1 3 20 25 25
0064_0014_0008_0030_0030.jpg 1 14 8 30 30
0065_0010_0008_0027_0027.jpg 1 10 8 27 27
0066_0010_0020_0025_0025.jpg 1 10 20 25 25
0067_0012_0004_0034_0034.jpg 1 12 4 34 34
0068_0015_0008_0032_0032.jpg 1 15 8 32 32
0069_0010_0005_0033_0033.jpg 1 10 5 33 33
0070_0011_0013_0025_0025.jpg 1 11 13 25 25
0071_0008_0010_0032_0032.jpg 1 8 10 32 32
0072_0009_0015_0030_0030.jpg 1 9 15 30 30
0073_0002_0008_0031_0031.jpg 1 2 8 31 31
0074_0006_0019_0026_0026.jpg 1 6 19 26 26
0075_0012_0012_0024_0024.jpg 1 12 12 24 24
0076_0017_0005_0028_0028.jpg 1 17 5 28 28
0077_0012_0007_0034_0034.jpg 1 12 7 34 34
0078_0002_0007_0033_0033.jpg 1 2 7 33 33
0079_0006_0006_0034_0034.jpg 1 6 6 34 34
0080_0011_0002_0030_0030.jpg 1 11 2 30 30
0081_0010_0008_0033_0033.jpg 1 10 8 33 33
0082_0006_0008_0028_0028.jpg 1 6 8 28 28
0083_0006_0015_0029_0029.jpg 1 6 15 29 29
0084_0013_0008_0034_0034.jpg 1 13 8 34 34
0085_0003_0013_0034_0034.jpg 1 3 13 34 34
0086_0005_0008_0032_0032.jpg 1 5 8 32 32
0087_0005_0006_0025_0025.jpg 1 5 6 25 25
0088_0014_0016_0024_0024.jpg 1 14 16 24 24
0089_0006_0015_0033_0033.jpg 1 6 15 33 33
0090_0011_0010_0034_0034.jpg 1 11 10 34 34
0091_0011_0019_0026_0026.jpg 1 11 19 26 26
0092_0018_0005_0028_0028.jpg 1 18 5 28 28
0093_0003_0009_0029_0029.jpg 1 3 9 29 29
0094_0009_0013_0031_0031.jpg 1 9 13 31 31
0095_0006_0007_0029_0029.jpg 1 6 7 29 29
0096_0022_0015_0024_0024.jpg 1 22 15 24 24
0097_0012_0002_0034_0034.jpg 1 12 2 34 34
0098_0008_0002_0031_0031.jpg 1 8 2 31 31
0099_0007_0003_0032_0032.jpg 1 7 3 32 32
0100_0006_0010_0034_0034.jpg 1 6 10 34 34
0101_0003_0010_0031_0031.jpg 1 3 10 31 31
0102_0003_0005_0033_0033.jpg 1 3 5 33 33
0103_0019_0013_0027_0027.jpg 1 19 13 27 27
0104_0018_0015_0029_0029.jpg 1 18 15 29 29
0105_0007_0003_0033_0033.jpg 1 7 3 33 33
0106_0013_0009_0030_0030.jpg 1 13 9 30 30
0107_0008_0002_0027_0027.jpg 1 8 2 27 27
0108_0003_0013_0033_0033.jpg 1 3 13 33 33
0109_0019_0004_0026_0026.jpg 1 19 4 26 26
0110_0012_0003_0034_0034.jpg 1 12 3 34 34
0111_0006_0014_0033_0033.jpg 1 6 14 33 33
0112_0007_0012_0028_0028.jpg 1 7 12 28 28
0113_0002_0012_0033_0033.jpg 1 2 12 33 33
0114_0017_0003_0025_0025.jpg 1 17 3 25 25
0115_0003_0004_0034_0034.jpg 1 3 4 34 34
0116_0006_0004_0028_0028.jpg 1 6 4 28 28
0117_0007_0019_0026_0026.jpg 1 7 19 26 26
0118_0003_0020_0025_0025.jpg 1 3 20 25 25
0119_0008_0009_0033_0033.jpg 1 8 9 33 33
0120_0011_0003_0032_0032.jpg 1 11 3 32 32
0121_0009_0013_0026_0026.jpg 1 9 13 26 26
0122_0006_0008_0025_0025.jpg 1 6 8 25 25
0123_0012_0011_0028_0028.jpg 1 12 11 28 28
0124_0020_0003_0025_0025.jpg 1 20 3 25 25
0125_0005_0005_0030_0030.jpg 1 5 5 30 30
0126_0015_0013_0032_0032.jpg 1 15 13 32 32
0127_0003_0002_0026_0026.jpg 1 3 2 26 26
0128_0010_0004_0033_0033.jpg 1 10 4 33 33
0129_0006_0012_0024_0024.jpg 1 6 12 24 24
0130_0020_0012_0025_0025.jpg 1 20 12 25 25
0131_0019_0022_0025_0025.jpg 1 19 22 25 25
0132_0005_0018_0028_0028.jpg 1 5 18 28 28
0133_0001_0007_0034_0034.jpg 1 1 7 34 34
0134_0011_0018_0026_0026.jpg 1 11 18 26 26
0135_0007_0017_0027_0027.jpg 1 7 17 27 27
0136_0006_0021_0026_0026.jpg 1 6 21 26 26
0137_0007_0010_0032_0032.jpg 1 7 10 32 32
0138_0015_0017_0027_0027.jpg 1 15 17 27 27
0139_0010_0007_0033_0033.jpg 1 10 7 33 33
0140_0012_0017_0029_0029.jpg 1 12 17 29 29
0141_0013_0008_0034_0034.jpg 1 13 8 34 34
0142_0003_0010_0026_0026.jpg 1 3 10 26 26
0143_0014_0005_0033_0033.jpg 1 14 5 33 33
0144_0016_0012_0032_0032.jpg 1 16 12 32 32
0145_0016_0016_0031_0031.jpg 1 16 16 31 31
0146_0012_0012_0034_0034.jpg 1 12 12 34 34
0147_0008_0004_0024_0024.jpg 1 8 4 24 24
0148_0003_0011_0032_0032.jpg 1 3 11 32 32
0149_0018_0003_0027_0027.jpg 1 18 3 27 27
0150_0007_0007_0033_0033.jpg 1 7 7 33 33
0151_0016_0013_0030_0030.jpg 1 16 13 30 30
0152_0014_0005_0026_0026.jpg 1 14 5 26 26
0153_0014_0005_0032_0032.jpg 1 14 5 32 32
0154_0003_0003_0029_0029.jpg 1 3 3 29 29
0155_0003_0008_0034_0034.jpg 1 3 8 34 34
0156_0005_0016_0024_0024.jpg 1 5 16 24 24
0157_0003_0009_0033_0033.jpg 1 3 9 33 33
0158_0021_0015_0025_0025.jpg 1 21 15 25 25
0159_0005_0015_0031_0031.jpg 1 5 15 31 31
0160_0011_0016_0030_0030.jpg 1 11 16 30 30
0161_0008_0014_0030_0030.jpg 1 8 14 30 30
0162_0013_0014_0034_0034.jpg 1 13 14 34 34
0163_0022_0002_0024_0024.jpg 1 22 2 24 24
0164_0017_0019_0026_0026.jpg 1 17 19 26 26
0165_0003_0008_0034_0034.jpg 1 3 8 34 34
0166_0014_0015_0030_0030.jpg 1 14 15 30 30
0167_0014_0006_0026_0026.jpg 1 14 6 26 26
0168_0008_0013_0027_0027.jpg 1 8 13 27 27
0169_0015_0004_0027_0027.jpg 1 15 4 27 27
0170_0015_0004_0032_0032.jpg 1 15 4 32 32
0171_0009_0015_0029_0029.jpg 1 9 15 29 29
0172_0004_0008_0034_0034.jpg 1 4 8 34 34
0173_0011_0003_0029_0029.jpg 1 11 3 29 29
0174_0007_0006_0025_0025.jpg 1 7 6 25 25
0175_0004_0016_0024_0024.jpg 1 4 16 24 24
0176_0014_0016_0024_0024.jpg 1 14 16 24 24
0177_0004_0009_0029_0029.jpg 1 4 9 29 29
0178_0004_0018_0025_0025.jpg 1 4 18 25 25
0179_0014_0005_0029_0029.jpg 1 14 5 29 29
0180_0014_0011_0031_0031.jpg 1 14 11 31 31
0181_0010_0015_0028_0028.jpg 1 10 15 28 28
0182_0017_0009_0028_0028.jpg 1 17 9 28 28
0183_0006_0012_0034_0034.jpg 1 6 12 34 34
0184_0018_0019_0025_0025.jpg 1 18 19 25 25
0185_0001_0014_0032_0032.jpg 1 1 14 32 32
0186_0020_0013_0024_0024.jpg 1 20 13 24 24
0187_0015_0012_0024_0024.jpg 1 15 12 24 24
0188_0013_0014_0026_0026.jpg 1 13 14 26 26
0189_0009_0011_0034_0034.jpg 1 9 11 34 34
0190_0018_0010_0028_0028.jpg 1 18 10 28 28
0191_0022_0020_0025_0025.jpg 1 22 20 25 25
0192_0001_0007_0034_0034.jpg 1 1 7 34 34
0193_0005_0018_0028_0028.jpg 1 5 18 28 28
0194_0006_0017_0029_0029.jpg 1 6 17 29 29
0195_0015_0005_0032_0032.jpg 1 15 5 32 32
0196_0012_0004_0025_0025.jpg 1 12 4 25 25
0197_0004_0004_0026_0026.jpg 1 4 4 26 26
0198_0004_0002_0031_0031.jpg 1 4 2 31 31
0199_0010_0013_0029_0029.jpg 1 10 13 29 29
0200_0009_0008_0031_0031.jpg 1 9 8 31 31
0201_0012_0006_0029_0029.jpg 1 12 6 29 29
0202_0005_0003_0033_0033.jpg 1 5 3 33 33
0203_0013_0014_0033_0033.jpg 1 13 14 33 33
0204_0008_0015_0027_0027.jpg 1 8 15 27 27
0205_0013_0005_0028_0028.jpg 1 13 5 28 28
0206_0010_0009_0034_0034.jpg 1 10 9 34 34
0207_0004_0013_0025_0025.jpg 1 4 13 25 25
0208_0004_0007_0031_0031.jpg 1 4 7 31 31
0209_0018_0016_0028_0028.jpg 1 18 16 28 28
0210_0016_0003_0031_0031.jpg 1 16 3 31 31
0211_0015_0008_0028_0028.jpg 1 15 8 28 28
0212_0018_0011_0025_0025.jpg 1 18 11 25 25
0213_0019_0010_0028_0028.jpg 1 19 10 28 28
0214_0006_0019_0024_0024.jpg 1 6 19 24 24
0215_0021_0008_0025_0025.jpg 1 21 8 25 25
0216_0016_0014_0030_0030.jpg 1 16 14 30 30
0217_0007_0013_0026_0026.jpg 1 7 13 26 26
0218_0010_0005_0032_0032.jpg 1 10 5 32 32
0219_0005_0003_0030_0030.jpg 1 5 3 30 30
0220_0007_0004_0031_0031.jpg 1 7 4 31 31
0221_0013_0018_0028_0028.jpg 1 13 18 28 28
0222_0003_0005_0025_0025.jpg 1 3 5 25 25
0223_0016_0010_0029_0029.jpg 1 16 10 29 29
0224_0012_0008_0034_0034.jpg 1 12 8 34 34
0225_0013_0014_0027_0027.jpg 1 13 14 27 27
0226_0012_0014_0029_0029.jpg 1 12 14 29 29
0227_0007_0008_0030_0030.jpg 1 7 8 30 30
0228_0018_0010_0028_0028.jpg 1 18 10 28 28
0229_0011_0015_0029_0029.jpg 1 11 15 29 29
0230_0016_0005_0028_0028.jpg 1 16 5 28 28
0231_0011_0005_0031_0031.jpg 1 11 5 31 31
0232_0008_0002_0033_0033.jpg 1 8 2 33 33
0233_0011_0011_0031_0031.jpg 1 11 11 31 31
0234_0014_0016_0025_0025.jpg 1 14 16 25 25
0235_0005_0013_0031_0031.jpg 1 5 13 31 31
0236_0012_0014_0031_0031.jpg 1 12 14 31 31
0237_0011_0006_0034_0034.jpg 1 11 6 34 34
0238_0020_0011_0025_0025.jpg 1 20 11 25 25
0239_0002_0010_0024_0024.jpg 1 2 10 24 24
0240_0009_0013_0029_0029.jpg 1 9 13 29 29
0241_0008_0014_0025_0025.jpg 1 8 14 25 25
0242_0010_0006_0032_0032.jpg 1 10 6 32 32
0243_0011_0007_0034_0034.jpg 1 11 7 34 34
0244_0003_0008_0024_0024.jpg 1 3 8 24 24
0245_0022_0017_0024_0024.jpg 1 22 17 24 24
0246_0004_0007_0027_0027.jpg 1 4 7 27 27
0247_0005_0011_0034_0034.jpg 1 5 11 34 34
0248_0015_0017_0029_0029.jpg 1 15 17 29 29
0249_0013_0002_0028_0028.jpg 1 13 2 28 28
0250_0006_0007_0030_0030.jpg 1 6 7 30 30
0251_0011_0007_0034_0034.jpg 1 11 7 34 34
0252_0004_0008_0031_0031.jpg 1 4 8 31 31
0253_0013_0006_0029_0029.jpg 1 13 6 29 29
0254_0011_0010_0029_0029.jpg 1 11 10 29 29
0255_0014_0014_0031_0031.jpg 1 14 14 31 31
0256_0023_0014_0024_0024.jpg 1 23 14 24 24
0257_0019_0014_0028_0028.jpg 1 19 14 28 28
0258_0009_0008_0028_0028.jpg 1 9 8 28 28
0259_0010_0012_0031_0031.jpg 1 10 12 31 31
0260_0012_0018_0028_0028.jpg 1 12 18 28 28
0261_0014_0008_0028_0028.jpg 1 14 8 28 28
0262_0006_0002_0034_0034.jpg 1 6 2 34 34
0263_0017_0003_0029_0029.jpg 1 17 3 29 29
0264_0010_0010_0026_0026.jpg 1 10 10 26 26
0265_0011_0007_0027_0027.jpg 1 11 7 27 27
0266_0011_0008_0027_0027.jpg 1 11 8 27 27
0267_0003_0011_0034_0034.jpg 1 3 11 34 34
0268_0005_0010_0031_0031.jpg 1 5 10 31 31
0269_0021_0007_0025_0025.jpg 1 21 7 25 25
0270_0005_0003_0026_0026.jpg 1 5 3 26 26
0271_0013_0009_0029_0029.jpg 1 13 9 29 29
0272_0004_0013_0029_0029.jpg 1 4 13 29 29
0273_0017_0006_0027_0027.jpg 1 17 6 27 27
0274_0006_0020_0026_0026.jpg 1 6 20 26 26
0275_0012_0004_0029_0029.jpg 1 12 4 29 29
0276_0014_0014_0029_0029.jpg 1 14 14 29 29
0277_0010_0018_0026_0026.jpg 1 10 18 26 26
0278_0013_0012_0032_0032.jpg 1 13 12 32 32
0279_0013_0017_0030_0030.jpg 1 13 17 30 30
0280_0008_0004_0031_0031.jpg 1 8 4 31 31
0281_0009_0005_0033_0033.jpg 1 9 5 33 33
0282_0013_0003_0032_0032.jpg 1 13 3 32 32
0283_0007_0020_0026_0026.jpg 1 7 20 26 26
0284_0013_0016_0031_0031.jpg 1 13 16 31 31
0285_0004_0010_0027_0027.jpg 1 4 10 27 27
0286_0010_0014_0033_0033.jpg 1 10 14 33 33
0287_0012_0002_0030_0030.jpg 1 12 2 30 30
0288_0009_0015_0029_0029.jpg 1 9 15 29 29
0289_0018_0004_0025_0025.jpg 1 18 4 25 25
0290_0003_0005_0034_0034.jpg 1 3 5 34 34
0291_0011_0015_0029_0029.jpg 1 11 15 29 29
0292_0003_0002_0032_0032.jpg 1 3 2 32 32
0293_0010_0014_0026_0026.jpg 1 10 14 26 26
0294_0011_0015_0032_0032.jpg 1 11 15 32 32
0295_0011_0006_0028_0028.jpg 1 11 6 28 28
0296_0018_0019_0028_0028.jpg 1 18 19 28 28
0297_0013_0009_0030_0030.jpg 1 13 9 30 30
0298_0017_0015_0028_0028.jpg 1 17 15 28 28
0299_0014_0014_0026_0026.jpg 1 14 14 26 26
0300_0015_0013_0024_0024.jpg 1 15 13 24 24
0301_0008_0004_0031_0031.jpg 1 8 4 31 31
0302_0018_0019_0027_0027.jpg 1 18 19 27 27
0303_0012_0020_0024_0024.jpg 1 12 20 24 24
0304_0014_0002_0024_0024.jpg 1 14 2 24 24
0305_0015_0008_0029_0029.jpg 1 15 8 29 29
0306_0011_0010_0034_0034.jpg 1 11 10 34 34
0307_0007_0018_0024_0024.jpg 1 7 18 24 24
0308_0003_0002_0031_0031.jpg 1 3 2 31 31
0309_0011_0002_0030_0030.jpg 1 11 2 30 30
0310_0006_0016_0027_0027.jpg 1 6 16 27 27
0311_0006_0004_0026_0026.jpg 1 6 4 26 26
0312_0004_0012_0034_0034.jpg 1 4 12 34 34
0313_0004_0009_0032_0032.jpg 1 4 9 32 32
0314_0010_0019_0027_0027.jpg 1 10 19 27 27
0315_0004_0009_0026_0026.jpg 1 4 9 26 26
0316_0004_0004_0034_0034.jpg 1 4 4 34 34
0317_0014_0011_0029_0029.jpg 1 14 11 29 29
0318_0019_0019_0028_0028.jpg 1 19 19 28 28
0319_0010_0009_0033_0033.jpg 1 10 9 33 33
0320_0009_0013_0030_0030.jpg 1 9 13 30 30
0321_0008_0013_0025_0025.jpg 1 8 13 25 25
0322_0003_0017_0029_0029.jpg 1 3 17 29 29
0323_0014_0004_0026_0026.jpg 1 14 4 26 26
0324_0009_0013_0033_0033.jpg 1 9 13 33 33
0325_0019_0010_0026_0026.jpg 1 19 10 26 26
0326_0019_0004_0025_0025.jpg 1 19 4 25 25
0327_0004_0006_0034_0034.jpg 1 4 6 34 34
0328_0004_0011_0024_0024.jpg 1 4 11 24 24
0329_0011_0011_0032_0032.jpg 1 11 11 32 32
0330_0019_0006_0027_0027.jpg 1 19 6 27 27
0331_0016_0019_0027_0027.jpg 1 16 19 27 27
0332_0005_0009_0029_0029.jpg 1 5 9 29 29
0333_0011_0007_0034_0034.jpg 1 11 7 34 34
0334_0016_0008_0024_0024.jpg 1 16 8 24 24
0335_0007_0018_0026_0026.jpg 1 7 18 26 26
0336_0002_0003_0024_0024.jpg 1 2 3 24 24
0337_0017_0019_0026_0026.jpg 1 17 19 26 26
0338_0011_0004_0032_0032.jpg 1 11 4 32 32
0339_0011_0013_0033_0033.jpg 1 11 13 33 33
0340_0013_0007_0031_0031.jpg 1 13 7 31 31
0341_0015_0012_0027_0027.jpg 1 15 12 27 27
0342_0003_0019_0025_0025.jpg 1 3 19 25 25
0343_0017_0018_0026_0026.jpg 1 17 18 26 26
0344_0007_0009_0030_0030.jpg 1 7 9 30 30
0345_0006_0013_0033_0033.jpg 1 6 13 33 33
0346_0015_0006_0031_0031.jpg 1 15 6 31 31
0347_0005_0013_0032_0032.jpg 1 5 13 32 32
0348_0004_0012_0032_0032.jpg 1 4 12 32 32
0349_0011_0007_0034_0034.jpg 1 11 7 34 34
0350_0016_0008_0031_0031.jpg 1 16 8 31 31
0351_0012_0004_0029_0029.jpg 1 12 4 29 29
0352_0015_0013_0032_0032.jpg 1 15 13 32 32
0353_0012_0018_0025_0025.jpg 1 12 18 25 25
0354_0007_0010_0031_0031.jpg 1 7 10 31 31
0355_0012_0008_0030_0030.jpg 1 12 8 30 30
0356_0013_0012_0025_0025.jpg 1 13 12 25 25
0357_0004_0016_0024_0024.jpg 1 4 16 24 24
0358_0002_0010_0033_0033.jpg 1 2 10 33 33
0359_0004_0010_0026_0026.jpg 1 4 10 26 26
0360_0005_0011_0028_0028.jpg 1 5 11 28 28
0361_0015_0007_0029_0029.jpg 1 15 7 29 29
0362_0010_0006_0025_0025.jpg 1 10 6 25 25
0363_0007_0006_0033_0033.jpg 1 7 6 33 33
0364_0017_0011_0024_0024.jpg 1 17 11 24 24
0365_0004_0010_0034_0034.jpg 1 4 10 34 34
0366_0006_0018_0025_0025.jpg 1 6 18 25 25
0367_0012_0012_0031_0031.jpg 1 12 12 31 31
0368_0013_0012_0029_0029.jpg 1 13 12 29 29
0369_0009_0014_0028_0028.jpg 1 9 14 28 28
0370_0014_0011_0026_0026.jpg 1 14 11 26 26
0371_0007_0007_0028_0028.jpg 1 7 7 28 28
0372_0002_0003_0034_0034.jpg 1 2 3 34 34
0373_0021_0009_0025_0025.jpg 1 21 9 25 25
0374_0010_0003_0031_0031.jpg 1 10 3 31 31
0375_0007_0016_0032_0032.jpg 1 7 16 32 32
0376_0012_0005_0032_0032.jpg 1 12 5 32 32
0377_0008_0013_0032_0032.jpg 1 8 13 32 32
0378_0014_0014_0033_0033.jpg 1 14 14 33 33
0379_0018_0019_0026_0026.jpg 1 18 19 26 26
0380_0008_0014_0031_0031.jpg 1 8 14 31 31
0381_0003_0012_0024_0024.jpg 1 3 12 24 24
0382_0005_0009_0034_0034.jpg 1 5 9 34 34
0383_0006_0011_0024_0024.jpg 1 6 11 24 24
0384_0011_0007_0031_0031.jpg 1 11 7 31 31
0385_0006_0013_0026_0026.jpg 1 6 13 26 26
0386_0007_0012_0028_0028.jpg 1 7 12 28 28
0387_0014_0013_0034_0034.jpg 1 14 13 34 34
0388_0013_0014_0031_0031.jpg 1 13 14 31 31
0389_0018_0002_0029_0029.jpg 1 18 2 29 29
0390_0002_0012_0027_0027.jpg 1 2 12 27 27
0391_0012_0014_0024_0024.jpg 1 12 14 24 24
0392_0014_0013_0033_0033.jpg 1 14 13 33 33
0393_0010_0005_0028_0028.jpg 1 10 5 28 28
0394_0014_0015_0026_0026.jpg 1 14 15 26 26
0395_0017_0020_0026_0026.jpg 1 17 20 26 26
0396_0004_0014_0033_0033.jpg 1 4 14 33 33
0397_0006_0002_0028_0028.jpg 1 6 2 28 28
0398_0015_0002_0032_0032.jpg 1 15 2 32 32
0399_0003_0006_0030_0030.jpg 1 3 6 30 30
0400_0013_0006_0032_0032.jpg 1 13 6 32 32
0401_0003_0010_0024_0024.jpg 1 3 10 24 24
0402_0005_0014_0028_0028.jpg 1 5 14 28 28
0403_0009_0019_0028_0028.jpg 1 9 19 28 28
0404_0003_0008_0032_0032.jpg 1 3 8 32 32
0405_0014_0012_0032_0032.jpg 1 14 12 32 32
0406_0015_0005_0028_0028.jpg 1 15 5 28 28
0407_0017_0014_0026_0026.jpg 1 17 14 26 26
0408_0021_0009_0025_0025.jpg 1 21 9 25 25
0409_0009_0002_0029_0029.jpg 1 9 2 29 29
0410_0016_0010_0029_0029.jpg 1 16 10 29 29
0411_0010_0002_0033_0033.jpg 1 10 2 33 33
0412_0010_0015_0030_0030.jpg 1 10 15 30 30
0413_0017_0008_0030_0030.jpg 1 17 8 30 30
0414_0017_0016_0026_0026.jpg 1 17 16 26 26
0415_0018_0022_0025_0025.jpg 1 18 22 25 25
0416_0004_0011_0032_0032.jpg 1 4 11 32 32
0417_0003_0010_0025_0025.jpg 1 3 10 25 25
0418_0019_0012_0027_0027.jpg 1 19 12 27 27
0419_0012_0003_0033_0033.jpg 1 12 3 33 33
0420_0010_0012_0024_0024.jpg 1 10 12 24 24
0421_0003_0009_0027_0027.jpg 1 3 9 27 27
0422_0016_0020_0027_0027.jpg 1 16 20 27 27
0423_0019_0012_0028_0028.jpg 1 19 12 28 28
0424_0007_0005_0026_0026.jpg 1 7 5 26 26
0425_0009_0003_0034_0034.jpg 1 9 3 34 34
0426_0009_0015_0032_0032.jpg 1 9 15 32 32
0427_0015_0010_0027_0027.jpg 1 15 10 27 27
0428_0007_0014_0026_0026.jpg 1 7 14 26 26
0429_0006_0003_0026_0026.jpg 1 6 3 26 26
0430_0012_0015_0031_0031.jpg 1 12 15 31 31
0431_0012_0011_0025_0025.jpg 1 12 11 25 25
0432_0012_0005_0026_0026.jpg 1 12 5 26 26
0433_0005_0018_0026_0026.jpg 1 5 18 26 26
0434_0004_0003_0026_0026.jpg 1 4 3 26 26
0435_0005_0002_0026_0026.jpg 1 5 2 26 26
0436_0009_0003_0032_0032.jpg 1 9 3 32 32
0437_0011_0005_0027_0027.jpg 1 11 5 27 27
0438_0019_0017_0025_0025.jpg 1 19 17 25 25
0439_0005_0011_0031_0031.jpg 1 5 11 31 31
0440_0008_0020_0024_0024.jpg 1 8 20 24 24
0441_0016_0020_0025_0025.jpg 1 16 20 25 25
0442_0017_0008_0027_0027.jpg 1 17 8 27 27
0443_0010_0012_0033_0033.jpg 1 10 12 33 33
0444_0002_0015_0029_0029.jpg 1 2 15 29 29
0445_0006_0006_0034_0034.jpg 1 6 6 34 34
0446_0006_0008_0029_0029.jpg 1 6 8 29 29
0447_0014_0017_0030_0030.jpg 1 14 17 30 30
0448_0002_0006_0034_0034.jpg 1 2 6 34 34
0449_0016_0011_0027_0027.jpg 1 16 11 27 27
0450_0012_0019_0026_0026.jpg 1 12 19 26 26
0451_0019_0019_0026_0026.jpg 1 19 19 26 26
0452_0013_0003_0032_0032.jpg 1 13 3 32 32
0453_0004_0013_0028_0028.jpg 1 4 13 28 28
0454_0002_0002_0034_0034.jpg 1 2 2 34 34
0455_0006_0009_0030_0030.jpg 1 6 9 30 30
0456_0004_0015_0028_0028.jpg 1 4 15 28 28
0457_0003_0010_0024_0024.jpg 1 3 10 24 24
0458_0017_0002_0026_0026.jpg 1 17 2 26 26
0459_0016_0015_0031_0031.jpg 1 16 15 31 31
0460_0012_0013_0034_0034.jpg 1 12 13 34 34
0461_0007_0009_0028_0028.jpg 1 7 9 28 28
0462_0014_0015_0032_0032.jpg 1 14 15 32 32
0463_0002_0002_0030_0030.jpg 1 2 2 30 30
0464_0005_0017_0024_0024.jpg 1 5 17 24 24
0465_0009_0007_0032_0032.jpg 1 9 7 32 32
0466_0003_0001_0034_0034.jpg 1 3 1 34 34
0467_0005_0003_0027_0027.jpg 1 5 3 27 27
0468_0006_0009_0027_0027.jpg 1 6 9 27 27
0469_0016_0011_0031_0031.jpg 1 16 11 31 31
0470_0014_0006_0025_0025.jpg 1 14 6 25 25
0471_0010_0010_0030_0030.jpg 1 10 10 30 30
0472_0009_0017_0027_0027.jpg 1 9 17 27 27
0473_0016_0007_0031_0031.jpg 1 16 7 31 31
0474_0009_0001_0034_0034.jpg 1 9 1 34 34
0475_0007_0023_0024_0024.jpg 1 7 23 24 24
0476_0010_0008_0028_0028.jpg 1 10 8 28 28
0477_0014_0016_0028_0028.jpg 1 14 16 28 28
0478_0009_0007_0034_0034.jpg 1 9 7 34 34
0479_0005_0008_0031_0031.jpg 1 5 8 31 31
0480_0010_0013_0034_0034.jpg 1 10 13 34 34
0481_0015_0013_0031_0031.jpg 1 15 13 31 31
0482_0013_0003_0033_0033.jpg 1 13 3 33 33
0483_0010_0011_0025_0025.jpg 1 10 11 25 25
0484_0003_0008_0034_0034.jpg 1 3 8 34 34
0485_0013_0006_0025_0025.jpg 1 13 6 25 25
0486_0012_0004_0034_0034.jpg 1 12 4 34 34
0487_0015_0012_0033_0033.jpg 1 15 12 33 33
0488_0003_0014_0030_0030.jpg 1 3 14 30 30
0489_0007_0005_0034_0034.jpg 1 7 5 34 34
0490_0015_0014_0030_0030.jpg 1 15 14 30 30
0491_0006_0008_0032_0032.jpg 1 6 8 32 32
0492_0021_0013_0025_0025.jpg 1 21 13 25 25
0493_0014_0006_0030_0030.jpg 1 14 6 30 30
0494_0014_0007_0024_0024.jpg 1 14 7 24 24
0495_0006_0011_0030_0030.jpg 1 6 11 30 30
0496_0002_0002_0031_0031.jpg 1 2 2 31 31
0497_0015_0015_0029_0029.jpg 1 15 15 29 29
0498_0004_0001_0034_0034.jpg 1 4 1 34 34
0499_0010_0007_0028_0028.jpg 1 10 7 28 28
0500_0006_0014_0033_0033.jpg 1 6 14 33 33
0501_0018_0008_0029_0029.jpg 1 18 8 29 29
0502_0006_0019_0024_0024.jpg 1 6 19 24 24
0503_0018_0019_0027_0027.jpg 1 18 19 27 27
0504_0014_0016_0031_0031.jpg 1 14 16 31 31
0505_0010_0010_0034_0034.jpg 1 10 10 34 34
0506_0019_0019_0024_0024.jpg 1 19 19 24 24
0507_0007_0014_0030_0030.jpg 1 7 14 30 30
0508_0017_0004_0027_0027.jpg 1 17 4 27 27
0509_0001_0015_0032_0032.jpg 1 1 15 32 32
0510_0009_0012_0032_0032.jpg 1 9 12 32 32
0511_0015_0007_0025_0025.jpg 1 15 7 25 25
0512_0010_0006_0026_0026.jpg 1 10 6 26 26
0513_0011_0011_0030_0030.jpg 1 11 11 30 30
0514_0014_0016_0027_0027.jpg 1 14 16 27 27
0515_0013_0011_0026_0026.jpg 1 13 11 26 26
0516_0008_0007_0034_0034.jpg 1 8 7 34 34
0517_0019_0007_0026_0026.jpg 1 19 7 26 26
0518_0006_0011_0030_0030.jpg 1 6 11 30 30
0519_0011_0014_0025_0025.jpg 1 11 14 25 25
0520_0007_0009_0032_0032.jpg 1 7 9 32 32
0521_0017_0011_0030_0030.jpg 1 17 11 30 30
0522_0011_0010_0031_0031.jpg 1 11 10 31 31
0523_0006_0017_0029_0029.jpg 1 6 17 29 29
0524_0009_0014_0024_0024.jpg 1 9 14 24 24
0525_0013_0011_0030_0030.jpg 1 13 11 30 30
0526_0016_0003_0026_0026.jpg 1 16 3 26 26
0527_0016_0006_0028_0028.jpg 1 16 6 28 28
0528_0016_0015_0027_0027.jpg 1 16 15 27 27
0529_0020_0022_0024_0024.jpg 1 20 22 24 24
0530_0002_0009_0028_0028.jpg 1 2 9 28 28
0531_0004_0012_0034_0034.jpg 1 4 12 34 34
0532_0016_0013_0029_0029.jpg 1 16 13 29 29
0533_0004_0013_0030_0030.jpg 1 4 13 30 30
0534_0004_0006_0032_0032.jpg 1 4 6 32 32
0535_0011_0007_0027_0027.jpg 1 11 7 27 27
0536_0007_0009_0030_0030.jpg 1 7 9 30 30
0537_0008_0008_0030_0030.jpg 1 8 8 30 30
0538_0005_0009_0027_0027.jpg 1 5 9 27 27
0539_0019_0009_0026_0026.jpg 1 19 9 26 26
0540_0003_0016_0032_0032.jpg 1 3 16 32 32
0541_0014_0002_0032_0032.jpg 1 14 2 32 32
0542_0020_0013_0025_0025.jpg 1 20 13 25 25
0543_0009_0007_0030_0030.jpg 1 9 7 30 30
0544_0010_0017_0031_0031.jpg 1 10 17 31 31
0545_0014_0006_0034_0034.jpg 1 14 6 34 34
0546_0005_0016_0030_0030.jpg 1 5 16 30 30
0547_0004_0016_0025_0025.jpg 1 4 16 25 25
0548_0005_0020_0026_0026.jpg 1 5 20 26 26
0549_0005_0007_0032_0032.jpg 1 5 7 32 32
0550_0005_0008_0034_0034.jpg 1 5 8 34 34
0551_0006_0010_0030_0030.jpg 1 6 10 30 30
0552_0005_0013_0033_0033.jpg 1 5 13 33 33
0553_0004_0010_0031_0031.jpg 1 4 10 31 31
0554_0015_0017_0025_0025.jpg 1 15 17 25 25
0555_0013_0014_0027_0027.jpg 1 13 14 27 27
0556_0002_0010_0032_0032.jpg 1 2 10 32 32
0557_0014_0008_0033_0033.jpg 1 14 8 33 33
0558_0014_0002_0030_0030.jpg 1 14 2 30 30
0559_0015_0014_0026_0026.jpg 1 15 14 26 26
0560_0009_0019_0026_0026.jpg 1 9 19 26 26
0561_0006_0011_0034_0034.jpg 1 6 11 34 34
0562_0010_0006_0031_0031.jpg 1 10 6 31 31
0563_0011_0006_0025_0025.jpg 1 11 6 25 25
0564_0003_0018_0028_0028.jpg 1 3 18 28 28
0565_0005_0009_0033_0033.jpg 1 5 9 33 33
0566_0011_0019_0028_0028.jpg 1 11 19 28 28
0567_0002_0012_0029_0029.jpg 1 2 12 29 29
0568_0002_0004_0034_0034.jpg 1 2 4 34 34
0569_0008_0004_0033_0033.jpg 1 8 4 33 33
0570_0009_0001_0033_0033.jpg 1 9 1 33 33
0571_0002_0004_0030_0030.jpg 1 2 4 30 30
0572_0018_0016_0024_0024.jpg 1 18 16 24 24
0573_0015_0009_0027_0027.jpg 1 15 9 27 27
0574_0015_0013_0024_0024.jpg 1 15 13 24 24
0575_0008_0017_0028_0028.jpg 1 8 17 28 28
0576_0008_0009_0025_0025.jpg 1 8 9 25 25
0577_0015_0009_0033_0033.jpg 1 15 9 33 33
0578_0015_0012_0031_0031.jpg 1 15 12 31 31
0579_0021_0016_0025_0025.jpg 1 21 16 25 25
0580_0012_0009_0028_0028.jpg 1 12 9 28 28
0581_0013_0005_0032_0032.jpg 1 13 5 32 32
0582_0014_0005_0032_0032.jpg 1 14 5 32 32
0583_0001_0003_0033_0033.jpg 1 1 3 33 33
0584_0017_0005_0030_0030.jpg 1 17 5 30 30
0585_0003_0021_0025_0025.jpg 1 3 21 25 25
0586_0009_0009_0030_0030.jpg 1 9 9 30 30
0587_0008_0005_0033_0033.jpg 1 8 5 33 33
0588_0020_0009_0026_0026.jpg 1 20 9 26 26
0589_0014_0008_0031_0031.jpg 1 14 8 31 31
0590_0005_0009_0033_0033.jpg 1 5 9 33 33
0591_0010_0019_0027_0027.jpg 1 10 19 27 27
0592_0013_0002_0028_0028.jpg 1 13 2 28 28
0593_0014_0009_0033_0033.jpg 1 14 9 33 33
0594_0010_0009_0034_0034.jpg 1 10 9 34 34
0595_0007_0014_0026_0026.jpg 1 7 14 26 26
0596_0002_0009_0034_0034.jpg 1 2 9 34 34
0597_0019_0010_0026_0026.jpg 1 19 10 26 26
0598_0014_0015_0030_0030.jpg 1 14 15 30 30
0599_0015_0003_0030_0030.jpg 1 15 3 30 30
0600_0011_0013_0030_0030.jpg 1 11 13 30 30
0601_0009_0002_0031_0031.jpg 1 9 2 31 31
0602_0010_0005_0027_0027.jpg 1 10 5 27 27
0603_0012_0005_0027_0027.jpg 1 12 5 27 27
0604_0002_0005_0028_0028.jpg 1 2 5 28 28
0605_0012_0010_0026_0026.jpg 1 12 10 26 26
0606_0002_0009_0026_0026.jpg 1 2 9 26 26
0607_0004_0021_0026_0026.jpg 1 4 21 26 26
0608_0010_0016_0030_0030.jpg 1 10 16 30 30
0609_0014_0017_0027_0027.jpg 1 14 17 27 27
0610_0005_0011_0034_0034.jpg 1 5 11 34 34
0611_0006_0004_0027_0027.jpg 1 6 4 27 27
0612_0008_0007_0025_0025.jpg 1 8 7 25 25
0613_0003_0011_0028_0028.jpg 1 3 11 28 28
0614_0005_0004_0030_0030.jpg 1 5 4 30 30
0615_0014_0003_0030_0030.jpg 1 14 3 30 30
0616_0014_0006_0026_0026.jpg 1 14 6 26 26
0617_0016_0008_0028_0028.jpg 1 16 8 28 28
0618_0014_0013_0033_0033.jpg 1 14 13 33 33
0619_0020_0006_0026_0026.jpg 1 20 6 26 26
0620_0011_0003_0032_0032.jpg 1 11 3 32 32
0621_0018_0015_0025_0025.jpg 1 18 15 25 25
0622_0012_0003_0025_0025.jpg 1 12 3 25 25
0623_0015_0011_0032_0032.jpg 1 15 11 32 32
0624_0004_0006_0033_0033.jpg 1 4 6 33 33
0625_0010_0013_0026_0026.jpg 1 10 13 26 26
0626_0010_0008_0032_0032.jpg 1 10 8 32 32
0627_0005_0005_0033_0033.jpg 1 5 5 33 33
0628_0017_0006_0027_0027.jpg 1 17 6 27 27
0629_0014_0005_0033_0033.jpg 1 14 5 33 33
0630_0019_0022_0024_0024.jpg 1 19 22 24 24
0631_0020_0016_0024_0024.jpg 1 20 16 24 24
0632_0003_0003_0033_0033.jpg 1 3 3 33 33
0633_0017_0011_0028_0028.jpg 1 17 11 28 28
0634_0015_0003_0029_0029.jpg 1 15 3 29 29
0635_0016_0005_0029_0029.jpg 1 16 5 29 29
0636_0011_0016_0025_0025.jpg 1 11 16 25 25
0637_0001_0011_0034_0034.jpg 1 1 11 34 34
0638_0010_0006_0031_0031.jpg 1 10 6 31 31
0639_0008_0012_0034_0034.jpg 1 8 12 34 34
0640_0012_0012_0032_0032.jpg 1 12 12 32 32
0641_0002_0011_0033_0033.jpg 1 2 11 33 33
0642_0013_0004_0033_0033.jpg 1 13 4 33 33
0643_0014_0014_0032_0032.jpg 1 14 14 32 32
0644_0003_0017_0030_0030.jpg 1 3 17 30 30
0645_0004_0002_0034_0034.jpg 1 4 2 34 34
0646_0021_0006_0026_0026.jpg 1 21 6 26 26
0647_0004_0007_0030_0030.jpg 1 4 7 30 30
0648_0010_0006_0032_0032.jpg 1 10 6 32 32
0649_0006_0010_0028_0028.jpg 1 6 10 28 28
0650_0005_0013_0034_0034.jpg 1 5 13 34 34
0651_0007_0010_0032_0032.jpg 1 7 10 32 32
0652_0015_0002_0030_0030.jpg 1 15 2 30 30
0653_0004_0014_0027_0027.jpg 1 4 14 27 27
0654_0006_0003_0028_0028.jpg 1 6 3 28 28
0655_0011_0005_0025_0025.jpg 1 11 5 25 25
0656_0011_0003_0033_0033.jpg 1 11 3 33 33
0657_0013_0006_0028_0028.jpg 1 13 6 28 28
0658_0003_0005_0028_0028.jpg 1 3 5 28 28
0659_0018_0005_0025_0025.jpg 1 18 5 25 25
0660_0022_0014_0025_0025.jpg 1 22 14 25 25
0661_0011_0016_0025_0025.jpg 1 11 16 25 25
0662_0011_0002_0030_0030.jpg 1 11 2 30 30
0663_0017_0015_0025_0025.jpg 1 17 15 25 25
0664_0006_0004_0029_0029.jpg 1 6 4 29 29
0665_0016_0016_0031_0031.jpg 1 16 16 31 31
0666_0010_0009_0032_0032.jpg 1 10 9 32 32
0667_0005_0020_0026_0026.jpg 1 5 20 26 26
0668_0019_0004_0024_0024.jpg 1 19 4 24 24
0669_0010_0005_0028_0028.jpg 1 10 5 28 28
0670_0005_0016_0026_0026.jpg 1 5 16 26 26
0671_0006_0012_0032_0032.jpg 1 6 12 32 32
0672_0003_0018_0026_0026.jpg 1 3 18 26 26
0673_0003_0010_0028_0028.jpg 1 3 10 28 28
0674_0009_0009_0029_0029.jpg 1 9 9 29 29
0675_0019_0015_0028_0028.jpg 1 19 15 28 28
0676_0003_0020_0024_0024.jpg 1 3 20 24 24
0677_0002_0011_0028_0028.jpg 1 2 11 28 28
0678_0021_0005_0025_0025.jpg 1 21 5 25 25
0679_0012_0007_0033_0033.jpg 1 12 7 33 33
0680_0016_0012_0031_0031.jpg 1 16 12 31 31
0681_0013_0006_0034_0034.jpg 1 13 6 34 34
0682_0002_0004_0030_0030.jpg 1 2 4 30 30
0683_0013_0009_0030_0030.jpg 1 13 9 30 30
0684_0009_0011_0024_0024.jpg 1 9 11 24 24
0685_0018_0016_0025_0025.jpg 1 18 16 25 25
0686_0008_0015_0028_0028.jpg 1 8 15 28 28
0687_0011_0008_0034_0034.jpg 1 11 8 34 34
0688_0010_0007_0024_0024.jpg 1 10 7 24 24
0689_0005_0008_0031_0031.jpg 1 5 8 31 31
0690_0006_0013_0026_0026.jpg 1 6 13 26 26
0691_0013_0011_0028_0028.jpg 1 13 11 28 28
0692_0002_0008_0033_0033.jpg 1 2 8 33 33
0693_0007_0014_0028_0028.jpg 1 7 14 28 28
0694_0004_0012_0032_0032.jpg 1 4 12 32 32
0695_0015_0013_0026_0026.jpg 1 15 13 26 26
0696_0014_0015_0028_0028.jpg 1 14 15 28 28
0697_0009_0011_0031_0031.jpg 1 9 11 31 31
0698_0010_0005_0033_0033.jpg 1 10 5 33 33
0699_0014_0013_0027_0027.jpg 1 14 13 27 27
0700_0011_0002_0028_0028.jpg 1 11 2 28 28
0701_0007_0011_0025_0025.jpg 1 7 11 25 25
0702_0002_0014_0033_0033.jpg 1 2 14 33 33
0703_0012_0013_0034_0034.jpg 1 12 13 34 34
0704_0014_0005_0033_0033.jpg 1 14 5 33 33
0705_0021_0020_0026_0026.jpg 1 21 20 26 26
0706_0012_0003_0027_0027.jpg 1 12 3 27 27
0707_0012_0009_0034_0034.jpg 1 12 9 34 34
0708_0004_0011_0026_0026.jpg 1 4 11 26 26
0709_0011_0003_0034_0034.jpg 1 11 3 34 34
0710_0014_0021_0025_0025.jpg 1 14 21 25 25
0711_0022_0004_0025_0025.jpg 1 22 4 25 25
0712_0003_0009_0029_0029.jpg 1 3 9 29 29
0713_0016_0009_0030_0030.jpg 1 16 9 30 30
0714_0002_0012_0034_0034.jpg 1 2 12 34 34
0715_0006_0014_0028_0028.jpg 1 6 14 28 28
0716_0008_0007_0030_0030.jpg 1 8 7 30 30
0717_0004_0003_0025_0025.jpg 1 4 3 25 25
0718_0008_0005_0032_0032.jpg 1 8 5 32 32
0719_0010_0009_0024_0024.jpg 1 10 9 24 24
0720_0010_0003_0029_0029.jpg 1 10 3 29 29
0721_0009_0007_0032_0032.jpg 1 9 7 32 32
0722_0015_0008_0031_0031.jpg 1 15 8 31 31
0723_0015_0009_0029_0029.jpg 1 15 9 29 29
0724_0016_0004_0028_0028.jpg 1 16 4 28 28
0725_0003_0004_0032_0032.jpg 1 3 4 32 32
0726_0012_0018_0029_0029.jpg 1 12 18 29 29
0727_0008_0009_0027_0027.jpg 1 8 9 27 27
0728_0006_0004_0032_0032.jpg 1 6 4 32 32
0729_0006_0007_0034_0034.jpg 1 6 7 34 34
0730_0009_0011_0034_0034.jpg 1 9 11 34 34
0731_0006_0015_0033_0033.jpg 1 6 15 33 33
0732_0008_0009_0029_0029.jpg 1 8 9 29 29
0733_0008_0011_0027_0027.jpg 1 8 11 27 27
0734_0002_0011_0028_0028.jpg 1 2 11 28 28
0735_0012_0003_0031_0031.jpg 1 12 3 31 31
0736_0004_0017_0026_0026.jpg 1 4 17 26 26
0737_0008_0004_0033_0033.jpg 1 8 4 33 33
0738_0007_0018_0026_0026.jpg 1 7 18 26 26
0739_0015_0012_0025_0025.jpg 1 15 12 25 25
0740_0002_0009_0031_0031.jpg 1 2 9 31 31
0741_0022_0007_0024_0024.jpg 1 22 7 24 24
0742_0012_0013_0026_0026.jpg 1 12 13 26 26
0743_0007_0011_0031_0031.jpg 1 7 11 31 31
0744_0011_0004_0032_0032.jpg 1 11 4 32 32
0745_0011_0004_0024_0024.jpg 1 11 4 24 24
0746_0007_0006_0029_0029.jpg 1 7 6 29 29
0747_0007_0012_0029_0029.jpg 1 7 12 29 29
0748_0005_0014_0032_0032.jpg 1 5 14 32 32
0749_0009_0009_0034_0034.jpg 1 9 9 34 34
0750_0010_0008_0031_0031.jpg 1 10 8 31 31
0751_0013_0004_0026_0026.jpg 1 13 4 26 26
0752_0012_0003_0030_0030.jpg 1 12 3 30 30
0753_0012_0009_0024_0024.jpg 1 12 9 24 24
0754_0019_0012_0025_0025.jpg 1 19 12 25 25
0755_0015_0013_0025_0025.jpg 1 15 13 25 25
0756_0002_0011_0028_0028.jpg 1 2 11 28 28
0757_0002_0014_0027_0027.jpg 1 2 14 27 27
0758_0010_0010_0034_0034.jpg 1 10 10 34 34
0759_0014_0013_0031_0031.jpg 1 14 13 31 31
0760_0014_0010_0031_0031.jpg 1 14 10 31 31
0761_0007_0017_0024_0024.jpg 1 7 17 24 24
0762_0015_0014_0026_0026.jpg 1 15 14 26 26
0763_0006_0004_0026_0026.jpg 1 6 4 26 26
0764_0016_0017_0025_0025.jpg 1 16 17 25 25
0765_0003_0018_0029_0029.jpg 1 3 18 29 29
0766_0004_0020_0024_0024.jpg 1 4 20 24 24
0767_0014_0022_0025_0025.jpg 1 14 22 25 25
0768_0007_0005_0028_0028.jpg 1 7 5 28 28
0769_0007_0011_0027_0027.jpg 1 7 11 27 27
0770_0018_0007_0025_0025.jpg 1 18 7 25 25
0771_0007_0010_0032_0032.jpg 1 7 10 32 32
0772_0010_0008_0032_0032.jpg 1 10 8 32 32
0773_0003_0003_0027_0027.jpg 1 3 3 27 27
0774_0015_0011_0030_0030.jpg 1 15 11 30 30
0775_0002_0014_0032_0032.jpg 1 2 14 32 32
0776_0008_0008_0034_0034.jpg 1 8 8 34 34
0777_0008_0004_0028_0028.jpg 1 8 4 28 28
0778_0013_0009_0033_0033.jpg 1 13 9 33 33
0779_0009_0021_0026_0026.jpg 1 9 21 26 26
0780_0002_0009_0030_0030.jpg 1 2 9 30 30
0781_0004_0002_0033_0033.jpg 1 4 2 33 33
0782_0011_0007_0027_0027.jpg 1 11 7 27 27
0783_0011_0003_0033_0033.jpg 1 11 3 33 33
0784_0006_0005_0033_0033.jpg 1 6 5 33 33
0785_0015_0015_0031_0031.jpg 1 15 15 31 31
0786_0016_0022_0024_0024.jpg 1 16 22 24 24
0787_0012_0013_0030_0030.jpg 1 12 13 30 30
0788_0002_0016_0030_0030.jpg 1 2 16 30 30
0789_0005_0004_0029_0029.jpg 1 5 4 29 29
0790_0007_0011_0034_0034.jpg 1 7 11 34 34
0791_0012_0003_0034_0034.jpg 1 12 3 34 34
0792_0002_0014_0029_0029.jpg 1 2 14 29 29
0793_0004_0007_0032_0032.jpg 1 4 7 32 32
0794_0001_0012_0031_0031.jpg 1 1 12 31 31
0795_0010_0002_0031_0031.jpg 1 10 2 31 31
0796_0012_0012_0028_0028.jpg 1 12 12 28 28
0797_0003_0007_0024_0024.jpg 1 3 7 24 24
0798_0012_0015_0029_0029.jpg 1 12 15 29 29
0799_0003_0010_0034_0034.jpg 1 3 10 34 34
0800_0010_0005_0029_0029.jpg 1 10 5 29 29
0801_0006_0016_0027_0027.jpg 1 6 16 27 27
0802_0001_0009_0034_0034.jpg 1 1 9 34 34
0803_0014_0006_0025_0025.jpg 1 14 6 25 25
0804_0014_0015_0025_0025.jpg 1 14 15 25 25
0805_0008_0011_0029_0029.jpg 1 8 11 29 29
0806_0008_0010_0034_0034.jpg 1 8 10 34 34
0807_0021_0018_0025_0025.jpg 1 21 18 25 25
0808_0014_0005_0029_0029.jpg 1 14 5 29 29
0809_0011_0005_0034_0034.jpg 1 11 5 34 34
0810_0004_0004_0030_0030.jpg 1 4 4 30 30
0811_0022_0015_0024_0024.jpg 1 22 15 24 24
0812_0001_0006_0033_0033.jpg 1 1 6 33 33
0813_0004_0009_0033_0033.jpg 1 4 9 33 33
0814_0002_0009_0028_0028.jpg 1 2 9 28 28
0815_0002_0004_0033_0033.jpg 1 2 4 33 33
0816_0005_0011_0028_0028.jpg 1 5 11 28 28
0817_0013_0019_0024_0024.jpg 1 13 19 24 24
0818_0017_0002_0027_0027.jpg 1 17 2 27 27
0819_0005_0003_0030_0030.jpg 1 5 3 30 30
0820_0005_0005_0031_0031.jpg 1 5 5 31 31
0821_0003_0012_0028_0028.jpg 1 3 12 28 28
0822_0002_0007_0032_0032.jpg 1 2 7 32 32
0823_0012_0002_0032_0032.jpg 1 12 2 32 32
0824_0009_0017_0028_0028.jpg 1 9 17 28 28
0825_0015_0002_0026_0026.jpg 1 15 2 26 26
0826_0012_0005_0028_0028.jpg 1 12 5 28 28
0827_0014_0016_0028_0028.jpg 1 14 16 28 28
0828_0005_0014_0033_0033.jpg 1 5 14 33 33
0829_0008_0011_0034_0034.jpg 1 8 11 34 34
0830_0006_0014_0027_0027.jpg 1 6 14 27 27
0831_0011_0009_0027_0027.jpg 1 11 9 27 27
0832_0013_0014_0024_0024.jpg 1 13 14 24 24
0833_0002_0012_0031_0031.jpg 1 2 12 31 31
0834_0006_0015_0027_0027.jpg 1 6 15 27 27
0835_0002_0002_0031_0031.jpg 1 2 2 31 31
0836_0008_0008_0032_0032.jpg 1 8 8 32 32
0837_0006_0012_0030_0030.jpg 1 6 12 30 30
0838_0009_0005_0030_0030.jpg 1 9 5 30 30
0839_0013_0002_0031_0031.jpg 1 13 2 31 31
0840_0011_0005_0030_0030.jpg 1 11 5 30 30
0841_0003_0014_0024_0024.jpg 1 3 14 24 24
0842_0004_0002_0034_0034.jpg 1 4 2 34 34
0843_0015_0006_0032_0032.jpg 1 15 6 32 32
0844_0006_0008_0027_0027.jpg 1 6 8 27 27
0845_0010_0011_0027_0027.jpg 1 10 11 27 27
0846_0009_0001_0033_0033.jpg 1 9 1 33 33
0847_0003_0018_0028_0028.jpg 1 3 18 28 28
0848_0006_0007_0034_0034.jpg 1 6 7 34 34
0849_0021_0015_0024_0024.jpg 1 21 15 24 24
0850_0020_0011_0024_0024.jpg 1 20 11 24 24
0851_0004_0011_0030_0030.jpg 1 4 11 30 30
0852_0010_0005_0025_0025.jpg 1 10 5 25 25
0853_0008_0014_0025_0025.jpg 1 8 14 25 25
0854_0015_0015_0030_0030.jpg 1 15 15 30 30
0855_0019_0014_0027_0027.jpg 1 19 14 27 27
0856_0011_0011_0032_0032.jpg 1 11 11 32 32
0857_0004_0013_0031_0031.jpg 1 4 13 31 31
0858_0011_0003_0027_0027.jpg 1 11 3 27 27
0859_0005_0017_0027_0027.jpg 1 5 17 27 27
0860_0007_0013_0026_0026.jpg 1 7 13 26 26
0861_0011_0014_0033_0033.jpg 1 11 14 33 33
0862_0013_0003_0034_0034.jpg 1 13 3 34 34
0863_0007_0010_0032_0032.jpg 1 7 10 32 32
0864_0007_0005_0032_0032.jpg 1 7 5 32 32
0865_0005_0007_0034_0034.jpg 1 5 7 34 34
0866_0008_0010_0027_0027.jpg 1 8 10 27 27
0867_0010_0021_0025_0025.jpg 1 10 21 25 25
0868_0008_0003_0028_0028.jpg 1 8 3 28 28
0869_0015_0016_0031_0031.jpg 1 15 16 31 31
0870_0001_0006_0033_0033.jpg 1 1 6 33 33
0871_0015_0004_0027_0027.jpg 1 15 4 27 27
0872_0016_0006_0030_0030.jpg 1 16 6 30 30
0873_0015_0010_0029_0029.jpg 1 15 10 29 29
0874_0012_0012_0025_0025.jpg 1 12 12 25 25
0875_0011_0010_0024_0024.jpg 1 11 10 24 24
0876_0011_0015_0029_0029.jpg 1 11 15 29 29
0877_0012_0012_0024_0024.jpg 1 12 12 24 24
0878_0010_0010_0028_0028.jpg 1 10 10 28 28
0879_0007_0011_0031_0031.jpg 1 7 11 31 31
0880_0007_0009_0028_0028.jpg 1 7 9 28 28
0881_0008_0007_0031_0031.jpg 1 8 7 31 31
0882_0003_0008_0024_0024.jpg 1 3 8 24 24
0883_0011_0015_0025_0025.jpg 1 11 15 25 25
0884_0016_0011_0029_0029.jpg 1 16 11 29 29
0885_0010_0013_0025_0025.jpg 1 10 13 25 25
0886_0020_0014_0026_0026.jpg 1 20 14 26 26
0887_0017_0009_0024_0024.jpg 1 17 9 24 24
0888_0009_0015_0027_0027.jpg 1 9 15 27 27
0889_0008_0009_0034_0034.jpg 1 8 9 34 34
0890_0004_0011_0027_0027.jpg 1 4 11 27 27
0891_0015_0004_0031_0031.jpg 1 15 4 31 31
0892_0002_0013_0029_0029.jpg 1 2 13 29 29
0893_0010_0012_0034_0034.jpg 1 10 12 34 34
0894_0011_0014_0027_0027.jpg 1 11 14 27 27
0895_0014_0005_0033_0033.jpg 1 14 5 33 33
0896_0008_0015_0031_0031.jpg 1 8 15 31 31
0897_0005_0010_0031_0031.jpg 1 5 10 31 31
0898_0002_0013_0033_0033.jpg 1 2 13 33 33
0899_0015_0013_0029_0029.jpg 1 15 13 29 29
0900_0007_0020_0024_0024.jpg 1 7 20 24 24
0901_0011_0016_0030_0030.jpg 1 11 16 30 30
0902_0009_0010_0031_0031.jpg 1 9 10 31 31
0903_0016_0016_0027_0027.jpg 1 16 16 27 27
0904_0016_0003_0024_0024.jpg 1 16 3 24 24
0905_0008_0001_0034_0034.jpg 1 8 1 34 34
0906_0015_0013_0031_0031.jpg 1 15 13 31 31
0907_0018_0021_0024_0024.jpg 1 18 21 24 24
0908_0008_0010_0033_0033.jpg 1 8 10 33 33
0909_0009_0015_0028_0028.jpg 1 9 15 28 28
0910_0015_0009_0029_0029.jpg 1 15 9 29 29
0911_0016_0009_0030_0030.jpg 1 16 9 30 30
0912_0008_0010_0029_0029.jpg 1 8 10 29 29
0913_0007_0011_0027_0027.jpg 1 7 11 27 27
0914_0003_0003_0028_0028.jpg 1 3 3 28 28
0915_0011_0004_0034_0034.jpg 1 11 4 34 34
0916_0015_0012_0027_0027.jpg 1 15 12 27 27
0917_0007_0013_0031_0031.jpg 1 7 13 31 31
0918_0015_0010_0028_0028.jpg 1 15 10 28 28
0919_0010_0011_0024_0024.jpg 1 10 11 24 24
0920_0006_0006_0034_0034.jpg 1 6 6 34 34
0921_0017_0013_0027_0027.jpg 1 17 13 27 27
0922_0009_0004_0027_0027.jpg 1 9 4 27 27
0923_0006_0002_0026_0026.jpg 1 6 2 26 26
0924_0017_0011_0029_0029.jpg 1 17 11 29 29
0925_0019_0015_0028_0028.jpg 1 19 15 28 28
0926_0013_0002_0027_0027.jpg 1 13 2 27 27
0927_0007_0013_0033_0033.jpg 1 7 13 33 33
0928_0005_0002_0028_0028.jpg 1 5 2 28 28
0929_0014_0016_0025_0025.jpg 1 14 16 25 25
0930_0009_0003_0029_0029.jpg 1 9 3 29 29
0931_0014_0014_0032_0032.jpg 1 14 14 32 32
0932_0012_0014_0033_0033.jpg 1 12 14 33 33
0933_0014_0003_0027_0027.jpg 1 14 3 27 27
0934_0003_0004_0034_0034.jpg 1 3 4 34 34
0935_0015_0006_0031_0031.jpg 1 15 6 31 31
0936_0017_0018_0026_0026.jpg 1 17 18 26 26
0937_0002_0010_0031_0031.jpg 1 2 10 31 31
0938_0008_0006_0025_0025.jpg 1 8 6 25 25
0939_0012_0010_0034_0034.jpg 1 12 10 34 34
0940_0008_0011_0031_0031.jpg 1 8 11 31 31
0941_0016_0020_0025_0025.jpg 1 16 20 25 25
0942_0015_0008_0024_0024.jpg 1 15 8 24 24
0943_0003_0012_0027_0027.jpg 1 3 12 27 27
0944_0009_0007_0027_0027.jpg 1 9 7 27 27
0945_0010_0016_0030_0030.jpg 1 10 16 30 30
0946_0014_0008_0028_0028.jpg 1 14 8 28 28
0947_0013_0006_0030_0030.jpg 1 13 6 30 30
0948_0006_0008_0029_0029.jpg 1 6 8 29 29
0949_0014_0008_0025_0025.jpg 1 14 8 25 25
0950_0008_0006_0031_0031.jpg 1 8 6 31 31
0951_0014_0013_0031_0031.jpg 1 14 13 31 31
0952_0013_0013_0024_0024.jpg 1 13 13 24 24
0953_0004_0009_0033_0033.jpg 1 4 9 33 33
0954_0006_0002_0026_0026.jpg 1 6 2 26 26
0955_0010_0006_0025_0025.jpg 1 10 6 25 25
0956_0012_0010_0024_0024.jpg 1 12 10 24 24
0957_0012_0013_0031_0031.jpg 1 12 13 31 31
0958_0014_0011_0025_0025.jpg 1 14 11 25 25
0959_0009_0008_0025_0025.jpg 1 9 8 25 25
0960_0002_0005_0031_0031.jpg 1 2 5 31 31
0961_0002_0007_0033_0033.jpg 1 2 7 33 33
0962_0004_0010_0034_0034.jpg 1 4 10 34 34
0963_0006_0004_0032_0032.jpg 1 6 4 32 32
0964_0003_0002_0031_0031.jpg 1 3 2 31 31
0965_0015_0008_0032_0032.jpg 1 15 8 32 32
0966_0002_0013_0025_0025.jpg 1 2 13 25 25
0967_0007_0011_0031_0031.jpg 1 7 11 31 31
0968_0015_0002_0031_0031.jpg 1 15 2 31 31
0969_0002_0010_0027_0027.jpg 1 2 10 27 27
0970_0007_0006_0031_0031.jpg 1 7 6 31 31
0971_0005_0022_0024_0024.jpg 1 5 22 24 24
0972_0008_0004_0030_0030.jpg 1 8 4 30 30
0973_0009_0013_0033_0033.jpg 1 9 13 33 33
0974_0017_0013_0031_0031.jpg 1 17 13 31 31
0975_0001_0010_0032_0032.jpg 1 1 10 32 32
0976_0015_0011_0025_0025.jpg 1 15 11 25 25
0977_0008_0015_0032_0032.jpg 1 8 15 32 32
0978_0005_0007_0027_0027.jpg 1 5 7 27 27
0979_0012_0007_0026_0026.jpg 1 12 7 26 26
0980_0011_0015_0025_0025.jpg 1 11 15 25 25
0981_0010_0015_0029_0029.jpg 1 10 15 29 29
0982_0005_0015_0030_0030.jpg 1 5 15 30 30
0983_0004_0009_0027_0027.jpg 1 4 9 27 27
0984_0008_0011_0028_0028.jpg 1 8 11 28 28
0985_0006_0005_0033_0033.jpg 1 6 5 33 33
0986_0013_0006_0032_0032.jpg 1 13 6 32 32
0987_0016_0004_0029_0029.jpg 1 16 4 29 29
0988_0015_0015_0030_0030.jpg 1 15 15 30 30
0989_0013_0012_0031_0031.jpg 1 13 12 31 31
0990_0009_0014_0026_0026.jpg 1 9 14 26 26
0991_0002_0004_0029_0029.jpg 1 2 4 29 29
0992_0008_0001_0034_0034.jpg 1 8 1 34 34
0993_0018_0010_0028_0028.jpg 1 18 10 28 28
0994_0010_0009_0031_0031.jpg 1 10 9 31 31
0995_0020_0019_0026_0026.jpg 1 20 19 26 26
0996_0008_0010_0031_0031.jpg 1 8 10 31 31
0997_0021_0011_0026_0026.jpg 1 21 11 26 26
0998_0015_0002_0030_0030.jpg 1 15 2 30 30
0999_0011_0004_0034_0034.jpg 1 11 4 34 34
1000_0015_0005_0030_0030.jpg 1 15 5 30 30
1001_0006_0002_0027_0027.jpg 1 6 2 27 27
1002_0008_0003_0024_0024.jpg 1 8 3 24 24
1003_0007_0011_0027_0027.jpg 1 7 11 27 27
1004_0016_0009_0030_0030.jpg 1 16 9 30 30
1005_0004_0011_0030_0030.jpg 1 4 11 30 30
1006_0006_0018_0027_0027.jpg 1 6 18 27 27
1007_0015_0003_0027_0027.jpg 1 15 3 27 27
1008_0005_0019_0027_0027.jpg 1 5 19 27 27
1009_0011_0006_0028_0028.jpg 1 11 6 28 28
1010_0014_0015_0032_0032.jpg 1 14 15 32 32
1011_0012_0008_0028_0028.jpg 1 12 8 28 28
1012_0008_0009_0031_0031.jpg 1 8 9 31 31
1013_0018_0006_0028_0028.jpg 1 18 6 28 28
1014_0014_0016_0027_0027.jpg 1 14 16 27 27
1015_0016_0007_0030_0030.jpg 1 16 7 30 30
1016_0009_0017_0028_0028.jpg 1 9 17 28 28
1017_0018_0018_0029_0029.jpg 1 18 18 29 29
1018_0022_0013_0025_0025.jpg 1 22 13 25 25
1019_0003_0007_0024_0024.jpg 1 3 7 24 24
1020_0014_0008_0029_0029.jpg 1 14 8 29 29
1021_0008_0003_0032_0032.jpg 1 8 3 32 32
1022_0008_0012_0034_0034.jpg 1 8 12 34 34
1023_0012_0004_0032_0032.jpg 1 12 4 32 32
1024_0015_0012_0033_0033.jpg 1 15 12 33 33
1025_0007_0013_0033_0033.jpg 1 7 13 33 33
1026_0015_0007_0028_0028.jpg 1 15 7 28 28
1027_0019_0008_0028_0028.jpg 1 19 8 28 28
1028_0009_0014_0027_0027.jpg 1 9 14 27 27
1029_0015_0008_0024_0024.jpg 1 15 8 24 24
1030_0004_0008_0028_0028.jpg 1 4 8 28 28
1031_0008_0012_0034_0034.jpg 1 8 12 34 34
1032_0011_0009_0031_0031.jpg 1 11 9 31 31
1033_0019_0005_0026_0026.jpg 1 19 5 26 26
1034_0010_0020_0025_0025.jpg 1 10 20 25 25
1035_0004_0005_0034_0034.jpg 1 4 5 34 34
1036_0008_0004_0032_0032.jpg 1 8 4 32 32
1037_0014_0012_0033_0033.jpg 1 14 12 33 33
1038_0014_0015_0032_0032.jpg 1 14 15 32 32
1039_0003_0002_0030_0030.jpg 1 3 2 30 30
1040_0002_0016_0029_0029.jpg 1 2 16 29 29
1041_0003_0004_0025_0025.jpg 1 3 4 25 25
1042_0005_0013_0033_0033.jpg 1 5 13 33 33
1043_0013_0005_0034_0034.jpg 1 13 5 34 34
1044_0010_0013_0030_0030.jpg 1 10 13 30 30
1045_0004_0015_0029_0029.jpg 1 4 15 29 29
1046_0018_0007_0024_0024.jpg 1 18 7 24 24
1047_0012_0002_0026_0026.jpg 1 12 2 26 26
1048_0012_0008_0025_0025.jpg 1 12 8 25 25
1049_0003_0007_0034_0034.jpg 1 3 7 34 34
1050_0011_0014_0030_0030.jpg 1 11 14 30 30
1051_0011_0002_0030_0030.jpg 1 11 2 30 30
1052_0010_0011_0031_0031.jpg 1 10 11 31 31
1053_0008_0003_0028_0028.jpg 1 8 3 28 28
1054_0013_0009_0032_0032.jpg 1 13 9 32 32
1055_0018_0003_0026_0026.jpg 1 18 3 26 26
1056_0012_0014_0030_0030.jpg 1 12 14 30 30
1057_0008_0003_0030_0030.jpg 1 8 3 30 30
1058_0013_0008_0033_0033.jpg 1 13 8 33 33
1059_0020_0014_0025_0025.jpg 1 20 14 25 25
1060_0011_0019_0025_0025.jpg 1 11 19 25 25
1061_0003_0009_0032_0032.jpg 1 3 9 32 32
1062_0002_0004_0034_0034.jpg 1 2 4 34 34
1063_0014_0016_0028_0028.jpg 1 14 16 28 28
1064_0014_0009_0034_0034.jpg 1 14 9 34 34
1065_0018_0006_0025_0025.jpg 1 18 6 25 25
1066_0018_0013_0024_0024.jpg 1 18 13 24 24
1067_0011_0013_0034_0034.jpg 1 11 13 34 34
1068_0012_0013_0032_0032.jpg 1 12 13 32 32
1069_0012_0008_0034_0034.jpg 1 12 8 34 34
1070_0009_0020_0025_0025.jpg 1 9 20 25 25
1071_0003_0010_0032_0032.jpg 1 3 10 32 32
1072_0018_0017_0024_0024.jpg 1 18 17 24 24
1073_0014_0004_0027_0027.jpg 1 14 4 27 27
1074_0014_0007_0034_0034.jpg 1 14 7 34 34
1075_0004_0007_0026_0026.jpg 1 4 7 26 26
1076_0015_0013_0031_0031.jpg 1 15 13 31 31
1077_0004_0005_0034_0034.jpg 1 4 5 34 34
1078_0017_0011_0028_0028.jpg 1 17 11 28 28
1079_0007_0008_0025_0025.jpg 1 7 8 25 25
1080_0007_0004_0031_0031.jpg 1 7 4 31 31
1081_0019_0003_0024_0024.jpg 1 19 3 24 24
1082_0004_0022_0025_0025.jpg 1 4 22 25 25
1083_0003_0013_0031_0031.jpg 1 3 13 31 31
1084_0018_0011_0028_0028.jpg 1 18 11 28 28
1085_0011_0006_0033_0033.jpg 1 11 6 33 33
1086_0011_0005_0031_0031.jpg 1 11 5 31 31
1087_0009_0005_0033_0033.jpg 1 9 5 33 33
1088_0010_0002_0032_0032.jpg 1 10 2 32 32
1089_0008_0019_0025_0025.jpg 1 8 19 25 25
1090_0010_0008_0031_0031.jpg 1 10 8 31 31
1091_0017_0014_0026_0026.jpg 1 17 14 26 26
1092_0002_0015_0033_0033.jpg 1 2 15 33 33
1093_0004_0015_0025_0025.jpg 1 4 15 25 25
1094_0005_0012_0033_0033.jpg 1 5 12 33 33
1095_0009_0009_0024_0024.jpg 1 9 9 24 24
1096_0004_0013_0031_0031.jpg 1 4 13 31 31
1097_0006_0017_0027_0027.jpg 1 6 17 27 27
1098_0005_0011_0030_0030.jpg 1 5 11 30 30
1099_0008_0007_0025_0025.jpg 1 8 7 25 25
1100_0014_0009_0030_0030.jpg 1 14 9 30 30
1101_0006_0017_0026_0026.jpg 1 6 17 26 26
1102_0003_0013_0032_0032.jpg 1 3 13 32 32
1103_0017_0006_0025_0025.jpg 1 17 6 25 25
1104_0011_0002_0034_0034.jpg 1 11 2 34 34
1105_0006_0015_0030_0030.jpg 1 6 15 30 30
1106_0008_0002_0026_0026.jpg 1 8 2 26 26
1107_0006_0007_0028_0028.jpg 1 6 7 28 28
1108_0007_0019_0028_0028.jpg 1 7 19 28 28
1109_0010_0002_0034_0034.jpg 1 10 2 34 34
1110_0007_0006_0031_0031.jpg 1 7 6 31 31
1111_0003_0013_0033_0033.jpg 1 3 13 33 33
1112_0006_0011_0029_0029.jpg 1 6 11 29 29
1113_0006_0012_0034_0034.jpg 1 6 12 34 34
1114_0020_0013_0026_0026.jpg 1 20 13 26 26
1115_0012_0015_0024_0024.jpg 1 12 15 24 24
1116_0011_0010_0029_0029.jpg 1 11 10 29 29
1117_0008_0005_0034_0034.jpg 1 8 5 34 34
1118_0004_0012_0029_0029.jpg 1 4 12 29 29
1119_0019_0007_0027_0027.jpg 1 19 7 27 27
1120_0004_0013_0032_0032.jpg 1 4 13 32 32
1121_0009_0011_0024_0024.jpg 1 9 11 24 24
1122_0006_0009_0028_0028.jpg 1 6 9 28 28
1123_0018_0019_0026_0026.jpg 1 18 19 26 26
1124_0005_0007_0029_0029.jpg 1 5 7 29 29
1125_0022_0021_0024_0024.jpg 1 22 21 24 24
1126_0002_0007_0034_0034.jpg 1 2 7 34 34
1127_0004_0004_0026_0026.jpg 1 4 4 26 26
1128_0010_0004_0024_0024.jpg 1 10 4 24 24
1129_0012_0005_0027_0027.jpg 1 12 5 27 27
1130_0009_0017_0030_0030.jpg 1 9 17 30 30
1131_0008_0002_0025_0025.jpg 1 8 2 25 25
1132_0008_0009_0032_0032.jpg 1 8 9 32 32
1133_0013_0016_0031_0031.jpg 1 13 16 31 31
1134_0020_0010_0024_0024.jpg 1 20 10 24 24
1135_0011_0008_0027_0027.jpg 1 11 8 27 27
1136_0015_0002_0032_0032.jpg 1 15 2 32 32
1137_0017_0003_0026_0026.jpg 1 17 3 26 26
1138_0003_0010_0029_0029.jpg 1 3 10 29 29
1139_0010_0012_0029_0029.jpg 1 10 12 29 29
1140_0006_0004_0031_0031.jpg 1 6 4 31 31
1141_0016_0009_0030_0030.jpg 1 16 9 30 30
1142_0003_0009_0033_0033.jpg 1 3 9 33 33
1143_0009_0007_0028_0028.jpg 1 9 7 28 28
1144_0005_0003_0024_0024.jpg 1 5 3 24 24
1145_0002_0006_0027_0027.jpg 1 2 6 27 27
1146_0016_0015_0025_0025.jpg 1 16 15 25 25
1147_0022_0022_0024_0024.jpg 1 22 22 24 24
1148_0002_0012_0032_0032.jpg 1 2 12 32 32
1149_0013_0013_0029_0029.jpg 1 13 13 29 29
1150_0015_0015_0025_0025.jpg 1 15 15 25 25
1151_0002_0014_0034_0034.jpg 1 2 14 34 34
1152_0006_0017_0024_0024.jpg 1 6 17 24 24
1153_0018_0003_0025_0025.jpg 1 18 3 25 25
1154_0016_0007_0032_0032.jpg 1 16 7 32 32
1155_0013_0007_0032_0032.jpg 1 13 7 32 32
1156_0006_0005_0029_0029.jpg 1 6 5 29 29
1157_0004_0015_0025_0025.jpg 1 4 15 25 25
1158_0003_0007_0034_0034.jpg 1 3 7 34 34
1159_0002_0005_0028_0028.jpg 1 2 5 28 28
1160_0008_0010_0031_0031.jpg 1 8 10 31 31
1161_0008_0013_0030_0030.jpg 1 8 13 30 30
1162_0006_0013_0032_0032.jpg 1 6 13 32 32
1163_0002_0016_0028_0028.jpg 1 2 16 28 28
1164_0008_0017_0028_0028.jpg 1 8 17 28 28
1165_0020_0007_0025_0025.jpg 1 20 7 25 25
1166_0017_0019_0025_0025.jpg 1 17 19 25 25
1167_0017_0008_0030_0030.jpg 1 17 8 30 30
1168_0017_0011_0026_0026.jpg 1 17 11 26 26
1169_0020_0018_0024_0024.jpg 1 20 18 24 24
1170_0009_0002_0032_0032.jpg 1 9 2 32 32
1171_0013_0002_0033_0033.jpg 1 13 2 33 33
1172_0018_0008_0027_0027.jpg 1 18 8 27 27
1173_0009_0015_0025_0025.jpg 1 9 15 25 25
1174_0010_0005_0033_0033.jpg 1 10 5 33 33
1175_0016_0015_0031_0031.jpg 1 16 15 31 31
1176_0013_0013_0034_0034.jpg 1 13 13 34 34
1177_0002_0012_0026_0026.jpg 1 2 12 26 26
1178_0011_0016_0030_0030.jpg 1 11 16 30 30
1179_0005_0014_0030_0030.jpg 1 5 14 30 30
1180_0014_0014_0032_0032.jpg 1 14 14 32 32
1181_0011_0004_0025_0025.jpg 1 11 4 25 25
1182_0004_0010_0031_0031.jpg 1 4 10 31 31
1183_0018_0016_0029_0029.jpg 1 18 16 29 29
1184_0013_0013_0034_0034.jpg 1 13 13 34 34
1185_0014_0007_0028_0028.jpg 1 14 7 28 28
1186_0007_0008_0031_0031.jpg 1 7 8 31 31
1187_0006_0018_0028_0028.jpg 1 6 18 28 28
1188_0002_0002_0034_0034.jpg 1 2 2 34 34
1189_0004_0009_0031_0031.jpg 1 4 9 31 31
1190_0013_0016_0024_0024.jpg 1 13 16 24 24
1191_0007_0004_0033_0033.jpg 1 7 4 33 33
1192_0009_0020_0024_0024.jpg 1 9 20 24 24
1193_0015_0006_0033_0033.jpg 1 15 6 33 33
1194_0002_0019_0028_0028.jpg 1 2 19 28 28
1195_0010_0017_0026_0026.jpg 1 10 17 26 26
1196_0012_0002_0032_0032.jpg 1 12 2 32 32
1197_0007_0005_0026_0026.jpg 1 7 5 26 26
1198_0013_0002_0027_0027.jpg 1 13 2 27 27
1199_0011_0014_0033_0033.jpg 1 11 14 33 33
1200_0010_0002_0032_0032.jpg 1 10 2 32 32
1201_0010_0011_0034_0034.jpg 1 10 11 34 34
1202_0014_0016_0027_0027.jpg 1 14 16 27 27
1203_0008_0012_0032_0032.jpg 1 8 12 32 32
1204_0011_0012_0029_0029.jpg 1 11 12 29 29
1205_0009_0009_0030_0030.jpg 1 9 9 30 30
1206_0017_0015_0030_0030.jpg 1 17 15 30 30
1207_0004_0002_0034_0034.jpg 1 4 2 34 34
1208_0005_0002_0030_0030.jpg 1 5 2 30 30
1209_0010_0012_0024_0024.jpg 1 10 12 24 24
1210_0015_0006_0026_0026.jpg 1 15 6 26 26
1211_0003_0005_0030_0030.jpg 1 3 5 30 30
1212_0014_0014_0027_0027.jpg 1 14 14 27 27
1213_0016_0013_0025_0025.jpg 1 16 13 25 25
1214_0004_0012_0034_0034.jpg 1 4 12 34 34
1215_0003_0003_0032_0032.jpg 1 3 3 32 32
1216_0010_0022_0024_0024.jpg 1 10 22 24 24
1217_0003_0014_0034_0034.jpg 1 3 14 34 34
1218_0019_0003_0027_0027.jpg 1 19 3 27 27
1219_0004_0015_0029_0029.jpg 1 4 15 29 29
1220_0005_0016_0026_0026.jpg 1 5 16 26 26
1221_0009_0003_0025_0025.jpg 1 9 3 25 25
1222_0003_0009_0028_0028.jpg 1 3 9 28 28
1223_0002_0004_0031_0031.jpg 1 2 4 31 31
1224_0005_0009_0028_0028.jpg 1 5 9 28 28
1225_0004_0009_0029_0029.jpg 1 4 9 29 29
1226_0005_0008_0025_0025.jpg 1 5 8 25 25
1227_0009_0002_0032_0032.jpg 1 9 2 32 32
1228_0012_0004_0024_0024.jpg 1 12 4 24 24
1229_0006_0013_0025_0025.jpg 1 6 13 25 25
1230_0004_0005_0030_0030.jpg 1 4 5 30 30
1231_0011_0019_0027_0027.jpg 1 11 19 27 27
1232_0009_0007_0025_0025.jpg 1 9 7 25 25
1233_0013_0008_0033_0033.jpg 1 13 8 33 33
1234_0013_0008_0027_0027.jpg 1 13 8 27 27
1235_0013_0013_0034_0034.jpg 1 13 13 34 34
1236_0011_0016_0031_0031.jpg 1 11 16 31 31
1237_0009_0006_0028_0028.jpg 1 9 6 28 28
1238_0010_0017_0024_0024.jpg 1 10 17 24 24
1239_0011_0014_0025_0025.jpg 1 11 14 25 25
1240_0014_0017_0025_0025.jpg 1 14 17 25 25
1241_0004_0010_0034_0034.jpg 1 4 10 34 34
1242_0009_0009_0025_0025.jpg 1 9 9 25 25
1243_0020_0019_0026_0026.jpg 1 20 19 26 26
1244_0009_0010_0031_0031.jpg 1 9 10 31 31
1245_0006_0003_0028_0028.jpg 1 6 3 28 28
1246_0005_0002_0033_0033.jpg 1 5 2 33 33
1247_0011_0021_0024_0024.jpg 1 11 21 24 24
1248_0016_0010_0030_0030.jpg 1 16 10 30 30
1249_0003_0004_0031_0031.jpg 1 3 4 31 31
1250_0012_0005_0031_0031.jpg 1 12 5 31 31
1251_0011_0008_0033_0033.jpg 1 11 8 33 33
1252_0016_0002_0026_0026.jpg 1 16 2 26 26
1253_0003_0004_0024_0024.jpg 1 3 4 24 24
1254_0004_0008_0028_0028.jpg 1 4 8 28 28
1255_0018_0003_0028_0028.jpg 1 18 3 28 28
1256_0022_0007_0024_0024.jpg 1 22 7 24 24
1257_0013_0007_0034_0034.jpg 1 13 7 34 34
1258_0006_0014_0029_0029.jpg 1 6 14 29 29
1259_0005_0008_0029_0029.jpg 1 5 8 29 29
1260_0003_0006_0028_0028.jpg 1 3 6 28 28
1261_0015_0011_0032_0032.jpg 1 15 11 32 32
1262_0019_0010_0025_0025.jpg 1 19 10 25 25
1263_0009_0006_0030_0030.jpg 1 9 6 30 30
1264_0015_0006_0030_0030.jpg 1 15 6 30 30
1265_0002_0011_0030_0030.jpg 1 2 11 30 30
1266_0010_0002_0032_0032.jpg 1 10 2 32 32
1267_0007_0018_0027_0027.jpg 1 7 18 27 27
1268_0011_0013_0025_0025.jpg 1 11 13 25 25
1269_0014_0014_0028_0028.jpg 1 14 14 28 28
1270_0006_0014_0026_0026.jpg 1 6 14 26 26
1271_0006_0005_0027_0027.jpg 1 6 5 27 27
1272_0018_0007_0027_0027.jpg 1 18 7 27 27
1273_0003_0009_0030_0030.jpg 1 3 9 30 30
1274_0016_0003_0028_0028.jpg 1 16 3 28 28
1275_0005_0008_0031_0031.jpg 1 5 8 31 31
1276_0009_0012_0027_0027.jpg 1 9 12 27 27
1277_0019_0009_0027_0027.jpg 1 19 9 27 27
1278_0012_0009_0025_0025.jpg 1 12 9 25 25
1279_0005_0005_0024_0024.jpg 1 5 5 24 24
1280_0004_0007_0030_0030.jpg 1 4 7 30 30
1281_0004_0017_0026_0026.jpg 1 4 17 26 26
1282_0016_0004_0027_0027.jpg 1 16 4 27 27
1283_0013_0011_0031_0031.jpg 1 13 11 31 31
1284_0018_0015_0024_0024.jpg 1 18 15 24 24
1285_0009_0007_0033_0033.jpg 1 9 7 33 33
1286_0002_0003_0031_0031.jpg 1 2 3 31 31
1287_0008_0013_0024_0024.jpg 1 8 13 24 24
1288_0012_0015_0032_0032.jpg 1 12 15 32 32
1289_0019_0011_0024_0024.jpg 1 19 11 24 24
1290_0009_0008_0028_0028.jpg 1 9 8 28 28
1291_0002_0008_0028_0028.jpg 1 2 8 28 28
1292_0018_0014_0027_0027.jpg 1 18 14 27 27
1293_0018_0004_0024_0024.jpg 1 18 4 24 24
1294_0009_0020_0027_0027.jpg 1 9 20 27 27
1295_0011_0009_0030_0030.jpg 1 11 9 30 30
1296_0010_0010_0033_0033.jpg 1 10 10 33 33
1297_0017_0015_0025_0025.jpg 1 17 15 25 25
1298_0008_0003_0032_0032.jpg 1 8 3 32 32
1299_0016_0016_0030_0030.jpg 1 16 16 30 30
1300_0005_0008_0030_0030.jpg 1 5 8 30 30
1301_0010_0013_0033_0033.jpg 1 10 13 33 33
1302_0007_0017_0030_0030.jpg 1 7 17 30 30
1303_0008_0006_0032_0032.jpg 1 8 6 32 32
1304_0010_0005_0028_0028.jpg 1 10 5 28 28
1305_0020_0008_0024_0024.jpg 1 20 8 24 24
1306_0003_0012_0033_0033.jpg 1 3 12 33 33
1307_0016_0007_0026_0026.jpg 1 16 7 26 26
1308_0010_0009_0032_0032.jpg 1 10 9 32 32
1309_0014_0012_0029_0029.jpg 1 14 12 29 29
1310_0003_0017_0030_0030.jpg 1 3 17 30 30
1311_0007_0009_0027_0027.jpg 1 7 9 27 27
1312_0011_0003_0029_0029.jpg 1 11 3 29 29
1313_0020_0020_0026_0026.jpg 1 20 20 26 26
1314_0004_0006_0027_0027.jpg 1 4 6 27 27
1315_0021_0011_0024_0024.jpg 1 21 11 24 24
1316_0004_0011_0032_0032.jpg 1 4 11 32 32
1317_0005_0006_0026_0026.jpg 1 5 6 26 26
1318_0020_0004_0026_0026.jpg 1 20 4 26 26
1319_0018_0015_0027_0027.jpg 1 18 15 27 27
1320_0002_0011_0031_0031.jpg 1 2 11 31 31
1321_0019_0003_0026_0026.jpg 1 19 3 26 26
1322_0009_0003_0029_0029.jpg 1 9 3 29 29
1323_0006_0016_0025_0025.jpg 1 6 16 25 25
1324_0007_0014_0029_0029.jpg 1 7 14 29 29
1325_0016_0018_0028_0028.jpg 1 16 18 28 28
1326_0008_0019_0027_0027.jpg 1 8 19 27 27
1327_0007_0007_0032_0032.jpg 1 7 7 32 32
1328_0003_0006_0034_0034.jpg 1 3 6 34 34
1329_0022_0016_0025_0025.jpg 1 22 16 25 25
1330_0019_0022_0025_0025.jpg 1 19 22 25 25
1331_0002_0017_0027_0027.jpg 1 2 17 27 27
1332_0009_0023_0024_0024.jpg 1 9 23 24 24
1333_0011_0013_0025_0025.jpg 1 11 13 25 25
1334_0015_0012_0024_0024.jpg 1 15 12 24 24
1335_0014_0007_0027_0027.jpg 1 14 7 27 27
1336_0011_0012_0032_0032.jpg 1 11 12 32 32
1337_0005_0005_0034_0034.jpg 1 5 5 34 34
1338_0005_0004_0029_0029.jpg 1 5 4 29 29
1339_0003_0011_0034_0034.jpg 1 3 11 34 34
1340_0007_0003_0026_0026.jpg 1 7 3 26 26
1341_0009_0019_0027_0027.jpg 1 9 19 27 27
1342_0002_0003_0029_0029.jpg 1 2 3 29 29
1343_0012_0008_0029_0029.jpg 1 12 8 29 29
1344_0005_0009_0034_0034.jpg 1 5 9 34 34
1345_0005_0006_0024_0024.jpg 1 5 6 24 24
1346_0009_0008_0032_0032.jpg 1 9 8 32 32
1347_0012_0019_0027_0027.jpg 1 12 19 27 27
1348_0008_0016_0030_0030.jpg 1 8 16 30 30
1349_0011_0007_0026_0026.jpg 1 11 7 26 26
1350_0010_0012_0027_0027.jpg 1 10 12 27 27
1351_0010_0012_0032_0032.jpg 1 10 12 32 32
1352_0001_0004_0034_0034.jpg 1 1 4 34 34
1353_0017_0014_0025_0025.jpg 1 17 14 25 25
1354_0004_0017_0026_0026.jpg 1 4 17 26 26
1355_0017_0017_0025_0025.jpg 1 17 17 25 25
1356_0004_0013_0030_0030.jpg 1 4 13 30 30
1357_0011_0008_0033_0033.jpg 1 11 8 33 33
1358_0007_0002_0031_0031.jpg 1 7 2 31 31
1359_0011_0003_0031_0031.jpg 1 11 3 31 31
1360_0005_0012_0034_0034.jpg 1 5 12 34 34
1361_0004_0005_0030_0030.jpg 1 4 5 30 30
1362_0011_0014_0027_0027.jpg 1 11 14 27 27
1363_0011_0011_0034_0034.jpg 1 11 11 34 34
1364_0009_0013_0026_0026.jpg 1 9 13 26 26
1365_0013_0018_0026_0026.jpg 1 13 18 26 26
1366_0006_0011_0029_0029.jpg 1 6 11 29 29
1367_0004_0010_0034_0034.jpg 1 4 10 34 34
1368_0008_0016_0031_0031.jpg 1 8 16 31 31
1369_0013_0007_0029_0029.jpg 1 13 7 29 29
1370_0005_0014_0027_0027.jpg 1 5 14 27 27
1371_0004_0001_0033_0033.jpg 1 4 1 33 33
1372_0017_0009_0031_0031.jpg 1 17 9 31 31
1373_0012_0013_0027_0027.jpg 1 12 13 27 27
1374_0010_0009_0033_0033.jpg 1 10 9 33 33
1375_0007_0022_0025_0025.jpg 1 7 22 25 25
1376_0015_0003_0027_0027.jpg 1 15 3 27 27
1377_0013_0009_0028_0028.jpg 1 13 9 28 28
1378_0020_0013_0026_0026.jpg 1 20 13 26 26
1379_0014_0010_0031_0031.jpg 1 14 10 31 31
1380_0005_0004_0028_0028.jpg 1 5 4 28 28
1381_0018_0003_0026_0026.jpg 1 18 3 26 26
1382_0019_0009_0024_0024.jpg 1 19 9 24 24
1383_0002_0004_0030_0030.jpg 1 2 4 30 30
1384_0018_0017_0029_0029.jpg 1 18 17 29 29
1385_0004_0012_0034_0034.jpg 1 4 12 34 34
1386_0006_0021_0025_0025.jpg 1 6 21 25 25
1387_0004_0017_0028_0028.jpg 1 4 17 28 28
1388_0011_0017_0026_0026.jpg 1 11 17 26 26
1389_0019_0015_0026_0026.jpg 1 19 15 26 26
1390_0013_0004_0031_0031.jpg 1 13 4 31 31
1391_0001_0013_0034_0034.jpg 1 1 13 34 34
1392_0016_0009_0025_0025.jpg 1 16 9 25 25
1393_0005_0007_0034_0034.jpg 1 5 7 34 34
1394_0012_0005_0032_0032.jpg 1 12 5 32 32
1395_0019_0002_0026_0026.jpg 1 19 2 26 26
1396_0009_0013_0033_0033.jpg 1 9 13 33 33
1397_0012_0007_0034_0034.jpg 1 12 7 34 34
1398_0003_0009_0027_0027.jpg 1 3 9 27 27
1399_0007_0011_0034_0034.jpg 1 7 11 34 34
1400_0017_0010_0030_0030.jpg 1 17 10 30 30
1401_0007_0015_0029_0029.jpg 1 7 15 29 29
1402_0014_0011_0029_0029.jpg 1 14 11 29 29
1403_0012_0019_0026_0026.jpg 1 12 19 26 26
1404_0004_0013_0030_0030.jpg 1 4 13 30 30
1405_0017_0018_0024_0024.jpg 1 17 18 24 24
1406_0008_0010_0034_0034.jpg 1 8 10 34 34
1407_0014_0005_0025_0025.jpg 1 14 5 25 25
1408_0012_0004_0031_0031.jpg 1 12 4 31 31
1409_0009_0011_0031_0031.jpg 1 9 11 31 31
1410_0002_0008_0034_0034.jpg 1 2 8 34 34
1411_0009_0004_0030_0030.jpg 1 9 4 30 30
1412_0006_0011_0033_0033.jpg 1 6 11 33 33
1413_0014_0002_0031_0031.jpg 1 14 2 31 31
1414_0008_0019_0024_0024.jpg 1 8 19 24 24
1415_0004_0008_0029_0029.jpg 1 4 8 29 29
1416_0002_0004_0031_0031.jpg 1 2 4 31 31
1417_0014_0011_0031_0031.jpg 1 14 11 31 31
1418_0011_0004_0031_0031.jpg 1 11 4 31 31
1419_0013_0009_0034_0034.jpg 1 13 9 34 34
1420_0020_0013_0027_0027.jpg 1 20 13 27 27
1421_0012_0008_0031_0031.jpg 1 12 8 31 31
1422_0011_0008_0034_0034.jpg 1 11 8 34 34
1423_0021_0014_0026_0026.jpg 1 21 14 26 26
1424_0007_0017_0028_0028.jpg 1 7 17 28 28
1425_0005_0002_0034_0034.jpg 1 5 2 34 34
1426_0006_0013_0030_0030.jpg 1 6 13 30 30
1427_0018_0009_0028_0028.jpg 1 18 9 28 28
1428_0011_0020_0025_0025.jpg 1 11 20 25 25
1429_0003_0022_0025_0025.jpg 1 3 22 25 25
1430_0005_0018_0026_0026.jpg 1 5 18 26 26
1431_0009_0016_0031_0031.jpg 1 9 16 31 31
1432_0005_0011_0026_0026.jpg 1 5 11 26 26
1433_0017_0016_0029_0029.jpg 1 17 16 29 29
1434_0007_0015_0032_0032.jpg 1 7 15 32 32
1435_0019_0012_0026_0026.jpg 1 19 12 26 26
1436_0009_0014_0030_0030.jpg 1 9 14 30 30
1437_0010_0004_0026_0026.jpg 1 10 4 26 26
1438_0014_0008_0034_0034.jpg 1 14 8 34 34
1439_0010_0016_0028_0028.jpg 1 10 16 28 28
1440_0017_0016_0029_0029.jpg 1 17 16 29 29
1441_0008_0016_0027_0027.jpg 1 8 16 27 27
1442_0012_0007_0030_0030.jpg 1 12 7 30 30
1443_0003_0015_0024_0024.jpg 1 3 15 24 24
1444_0010_0009_0032_0032.jpg 1 10 9 32 32
1445_0009_0014_0027_0027.jpg 1 9 14 27 27
1446_0007_0004_0031_0031.jpg 1 7 4 31 31
1447_0007_0017_0030_0030.jpg 1 7 17 30 30
1448_0013_0004_0031_0031.jpg 1 13 4 31 31
1449_0015_0008_0027_0027.jpg 1 15 8 27 27
1450_0017_0004_0030_0030.jpg 1 17 4 30 30
1451_0007_0015_0033_0033.jpg 1 7 15 33 33
1452_0015_0007_0031_0031.jpg 1 15 7 31 31
1453_0005_0005_0033_0033.jpg 1 5 5 33 33
1454_0007_0005_0031_0031.jpg 1 7 5 31 31
1455_0005_0021_0024_0024.jpg 1 5 21 24 24
1456_0016_0009_0029_0029.jpg 1 16 9 29 29
1457_0013_0002_0028_0028.jpg 1 13 2 28 28
1458_0007_0002_0032_0032.jpg 1 7 2 32 32
1459_0013_0013_0034_0034.jpg 1 13 13 34 34
1460_0010_0012_0029_0029.jpg 1 10 12 29 29
1461_0003_0019_0026_0026.jpg 1 3 19 26 26
1462_0014_0008_0028_0028.jpg 1 14 8 28 28
1463_0006_0020_0027_0027.jpg 1 6 20 27 27
1464_0009_0013_0029_0029.jpg 1 9 13 29 29
1465_0012_0004_0024_0024.jpg 1 12 4 24 24
1466_0012_0004_0031_0031.jpg 1 12 4 31 31
1467_0009_0009_0033_0033.jpg 1 9 9 33 33
1468_0010_0003_0034_0034.jpg 1 10 3 34 34
1469_0008_0012_0033_0033.jpg 1 8 12 33 33
1470_0006_0010_0032_0032.jpg 1 6 10 32 32
1471_0004_0002_0032_0032.jpg 1 4 2 32 32
1472_0010_0012_0033_0033.jpg 1 10 12 33 33
1473_0010_0016_0027_0027.jpg 1 10 16 27 27
1474_0004_0012_0031_0031.jpg 1 4 12 31 31
1475_0011_0018_0026_0026.jpg 1 11 18 26 26
1476_0003_0011_0032_0032.jpg 1 3 11 32 32
1477_0019_0009_0028_0028.jpg 1 19 9 28 28
1478_0014_0006_0033_0033.jpg 1 14 6 33 33
1479_0007_0016_0031_0031.jpg 1 7 16 31 31
1480_0014_0016_0031_0031.jpg 1 14 16 31 31
1481_0007_0008_0026_0026.jpg 1 7 8 26 26
1482_0021_0003_0025_0025.jpg 1 21 3 25 25
1483_0005_0016_0029_0029.jpg 1 5 16 29 29
1484_0014_0009_0025_0025.jpg 1 14 9 25 25
1485_0007_0005_0032_0032.jpg 1 7 5 32 32
1486_0010_0011_0026_0026.jpg 1 10 11 26 26
1487_0006_0006_0034_0034.jpg 1 6 6 34 34
1488_0010_0003_0034_0034.jpg 1 10 3 34 34
1489_0014_0016_0031_0031.jpg 1 14 16 31 31
1490_0005_0005_0031_0031.jpg 1 5 5 31 31
1491_0010_0001_0031_0031.jpg 1 10 1 31 31
1492_0012_0012_0030_0030.jpg 1 12 12 30 30
1493_0004_0013_0034_0034.jpg 1 4 13 34 34
1494_0008_0004_0033_0033.jpg 1 8 4 33 33
1495_0014_0002_0033_0033.jpg 1 14 2 33 33
1496_0004_0005_0034_0034.jpg 1 4 5 34 34
1497_0019_0014_0026_0026.jpg 1 19 14 26 26
1498_0020_0017_0027_0027.jpg 1 20 17 27 27
1499_0004_0015_0031_0031.jpg 1 4 15 31 31
1500_0003_0005_0032_0032.jpg 1 3 5 32 32
1501_0017_0005_0030_0030.jpg 1 17 5 30 30
1502_0017_0015_0024_0024.jpg 1 17 15 24 24
1503_0016_0012_0031_0031.jpg 1 16 12 31 31
1504_0022_0006_0025_0025.jpg 1 22 6 25 25
1505_0013_0006_0032_0032.jpg 1 13 6 32 32
1506_0010_0013_0032_0032.jpg 1 10 13 32 32
1507_0003_0011_0033_0033.jpg 1 3 11 33 33
1508_0010_0004_0033_0033.jpg 1 10 4 33 33
1509_0004_0015_0033_0033.jpg 1 4 15 33 33
1510_0001_0006_0033_0033.jpg 1 1 6 33 33
1511_0015_0014_0027_0027.jpg 1 15 14 27 27
1512_0012_0001_0032_0032.jpg 1 12 1 32 32
1513_0004_0014_0032_0032.jpg 1 4 14 32 32
1514_0004_0008_0034_0034.jpg 1 4 8 34 34
1515_0015_0013_0030_0030.jpg 1 15 13 30 30
1516_0015_0008_0024_0024.jpg 1 15 8 24 24
1517_0014_0017_0025_0025.jpg 1 14 17 25 25
1518_0005_0005_0027_0027.jpg 1 5 5 27 27
1519_0006_0002_0032_0032.jpg 1 6 2 32 32
1520_0007_0003_0027_0027.jpg 1 7 3 27 27
1521_0002_0006_0031_0031.jpg 1 2 6 31 31
1522_0006_0007_0033_0033.jpg 1 6 7 33 33
1523_0008_0005_0027_0027.jpg 1 8 5 27 27
1524_0022_0020_0024_0024.jpg 1 22 20 24 24
1525_0004_0007_0026_0026.jpg 1 4 7 26 26
1526_0009_0010_0034_0034.jpg 1 9 10 34 34
1527_0013_0003_0032_0032.jpg 1 13 3 32 32
1528_0014_0013_0026_0026.jpg 1 14 13 26 26
1529_0012_0012_0034_0034.jpg 1 12 12 34 34
1530_0014_0001_0033_0033.jpg 1 14 1 33 33
1531_0006_0008_0033_0033.jpg 1 6 8 33 33
1532_0007_0008_0027_0027.jpg 1 7 8 27 27
1533_0004_0013_0031_0031.jpg 1 4 13 31 31
1534_0005_0004_0031_0031.jpg 1 5 4 31 31
1535_0011_0003_0030_0030.jpg 1 11 3 30 30
1536_0008_0010_0025_0025.jpg 1 8 10 25 25
1537_0012_0012_0033_0033.jpg 1 12 12 33 33
1538_0004_0009_0028_0028.jpg 1 4 9 28 28
1539_0007_0007_0026_0026.jpg 1 7 7 26 26
1540_0015_0004_0032_0032.jpg 1 15 4 32 32
1541_0009_0015_0032_0032.jpg 1 9 15 32 32
1542_0011_0020_0026_0026.jpg 1 11 20 26 26
1543_0003_0007_0034_0034.jpg 1 3 7 34 34
1544_0021_0008_0026_0026.jpg 1 21 8 26 26
1545_0002_0003_0034_0034.jpg 1 2 3 34 34
1546_0009_0007_0027_0027.jpg 1 9 7 27 27
1547_0004_0011_0032_0032.jpg 1 4 11 32 32
1548_0020_0011_0025_0025.jpg 1 20 11 25 25
1549_0011_0010_0028_0028.jpg 1 11 10 28 28
1550_0015_0022_0025_0025.jpg 1 15 22 25 25
1551_0010_0008_0028_0028.jpg 1 10 8 28 28
1552_0004_0017_0029_0029.jpg 1 4 17 29 29
1553_0005_0016_0030_0030.jpg 1 5 16 30 30
1554_0008_0002_0034_0034.jpg 1 8 2 34 34
1555_0004_0012_0024_0024.jpg 1 4 12 24 24
1556_0014_0011_0030_0030.jpg 1 14 11 30 30
1557_0011_0008_0030_0030.jpg 1 11 8 30 30
1558_0007_0021_0026_0026.jpg 1 7 21 26 26
1559_0005_0011_0026_0026.jpg 1 5 11 26 26
1560_0002_0015_0032_0032.jpg 1 2 15 32 32
1561_0003_0014_0025_0025.jpg 1 3 14 25 25
1562_0007_0004_0027_0027.jpg 1 7 4 27 27
1563_0016_0017_0027_0027.jpg 1 16 17 27 27
1564_0010_0014_0030_0030.jpg 1 10 14 30 30
1565_0011_0009_0030_0030.jpg 1 11 9 30 30
1566_0009_0014_0032_0032.jpg 1 9 14 32 32
1567_0009_0017_0030_0030.jpg 1 9 17 30 30
1568_0007_0011_0034_0034.jpg 1 7 11 34 34
1569_0006_0017_0031_0031.jpg 1 6 17 31 31
1570_0008_0017_0028_0028.jpg 1 8 17 28 28
1571_0009_0007_0029_0029.jpg 1 9 7 29 29
1572_0020_0010_0025_0025.jpg 1 20 10 25 25
1573_0007_0019_0026_0026.jpg 1 7 19 26 26
1574_0003_0009_0034_0034.jpg 1 3 9 34 34
1575_0005_0008_0031_0031.jpg 1 5 8 31 31
1576_0014_0013_0024_0024.jpg 1 14 13 24 24
1577_0010_0017_0030_0030.jpg 1 10 17 30 30
1578_0014_0011_0024_0024.jpg 1 14 11 24 24
1579_0013_0012_0033_0033.jpg 1 13 12 33 33
1580_0016_0005_0032_0032.jpg 1 16 5 32 32
1581_0006_0009_0034_0034.jpg 1 6 9 34 34
1582_0002_0014_0034_0034.jpg 1 2 14 34 34
1583_0010_0003_0033_0033.jpg 1 10 3 33 33
1584_0013_0002_0029_0029.jpg 1 13 2 29 29
1585_0002_0003_0033_0033.jpg 1 2 3 33 33
1586_0003_0003_0032_0032.jpg 1 3 3 32 32
1587_0004_0012_0034_0034.jpg 1 4 12 34 34
1588_0013_0010_0034_0034.jpg 1 13 10 34 34
1589_0008_0016_0026_0026.jpg 1 8 16 26 26
1590_0011_0015_0032_0032.jpg 1 11 15 32 32
1591_0016_0003_0026_0026.jpg 1 16 3 26 26
1592_0003_0004_0032_0032.jpg 1 3 4 32 32
1593_0011_0019_0026_0026.jpg 1 11 19 26 26
1594_0009_0013_0034_0034.jpg 1 9 13 34 34
1595_0014_0009_0034_0034.jpg 1 14 9 34 34
1596_0005_0006_0034_0034.jpg 1 5 6 34 34
1597_0012_0005_0026_0026.jpg 1 12 5 26 26
1598_0005_0010_0029_0029.jpg 1 5 10 29 29
1599_0021_0010_0026_0026.jpg 1 21 10 26 26
1600_0011_0012_0034_0034.jpg 1 11 12 34 34
1601_0004_0012_0032_0032.jpg 1 4 12 32 32
1602_0008_0009_0029_0029.jpg 1 8 9 29 29
1603_0007_0015_0026_0026.jpg 1 7 15 26 26
1604_0011_0006_0027_0027.jpg 1 11 6 27 27
1605_0006_0013_0029_0029.jpg 1 6 13 29 29
1606_0011_0006_0027_0027.jpg 1 11 6 27 27
1607_0009_0008_0033_0033.jpg 1 9 8 33 33
1608_0012_0014_0024_0024.jpg 1 12 14 24 24
1609_0019_0010_0024_0024.jpg 1 19 10 24 24
1610_0012_0004_0032_0032.jpg 1 12 4 32 32
1611_0009_0002_0030_0030.jpg 1 9 2 30 30
1612_0016_0013_0031_0031.jpg 1 16 13 31 31
1613_0004_0006_0032_0032.jpg 1 4 6 32 32
1614_0017_0018_0026_0026.jpg 1 17 18 26 26
1615_0010_0003_0032_0032.jpg 1 10 3 32 32
1616_0003_0010_0029_0029.jpg 1 3 10 29 29
1617_0012_0010_0032_0032.jpg 1 12 10 32 32
1618_0008_0006_0028_0028.jpg 1 8 6 28 28
1619_0005_0011_0024_0024.jpg 1 5 11 24 24
1620_0016_0007_0026_0026.jpg 1 16 7 26 26
1621_0014_0004_0032_0032.jpg 1 14 4 32 32
1622_0008_0008_0034_0034.jpg 1 8 8 34 34
1623_0005_0009_0029_0029.jpg 1 5 9 29 29
1624_0005_0004_0027_0027.jpg 1 5 4 27 27
1625_0009_0010_0027_0027.jpg 1 9 10 27 27
1626_0011_0015_0032_0032.jpg 1 11 15 32 32
1627_0019_0018_0028_0028.jpg 1 19 18 28 28
1628_0005_0020_0026_0026.jpg 1 5 20 26 26
1629_0012_0008_0028_0028.jpg 1 12 8 28 28
1630_0014_0021_0025_0025.jpg 1 14 21 25 25
1631_0010_0009_0033_0033.jpg 1 10 9 33 33
1632_0020_0007_0024_0024.jpg 1 20 7 24 24
1633_0012_0007_0032_0032.jpg 1 12 7 32 32
1634_0011_0014_0034_0034.jpg 1 11 14 34 34
1635_0014_0017_0027_0027.jpg 1 14 17 27 27
1636_0007_0011_0032_0032.jpg 1 7 11 32 32
1637_0009_0016_0028_0028.jpg 1 9 16 28 28
1638_0011_0009_0025_0025.jpg 1 11 9 25 25
1639_0009_0005_0034_0034.jpg 1 9 5 34 34
1640_0017_0002_0029_0029.jpg 1 17 2 29 29
1641_0018_0011_0028_0028.jpg 1 18 11 28 28
1642_0013_0002_0025_0025.jpg 1 13 2 25 25
1643_0012_0009_0028_0028.jpg 1 12 9 28 28
1644_0012_0006_0027_0027.jpg 1 12 6 27 27
1645_0018_0016_0028_0028.jpg 1 18 16 28 28
1646_0012_0009_0027_0027.jpg 1 12 9 27 27
1647_0010_0017_0024_0024.jpg 1 10 17 24 24
1648_0016_0016_0030_0030.jpg 1 16 16 30 30
1649_0017_0011_0025_0025.jpg 1 17 11 25 25
1650_0002_0013_0029_0029.jpg 1 2 13 29 29
1651_0010_0010_0026_0026.jpg 1 10 10 26 26
1652_0014_0015_0032_0032.jpg 1 14 15 32 32
1653_0006_0010_0034_0034.jpg 1 6 10 34 34
1654_0017_0008_0025_0025.jpg 1 17 8 25 25
1655_0013_0015_0031_0031.jpg 1 13 15 31 31
1656_0017_0014_0030_0030.jpg 1 17 14 30 30
1657_0004_0012_0028_0028.jpg 1 4 12 28 28
1658_0015_0016_0030_0030.jpg 1 15 16 30 30
1659_0016_0005_0031_0031.jpg 1 16 5 31 31
1660_0014_0008_0028_0028.jpg 1 14 8 28 28
1661_0018_0009_0026_0026.jpg 1 18 9 26 26
1662_0014_0021_0024_0024.jpg 1 14 21 24 24
1663_0010_0012_0028_0028.jpg 1 10 12 28 28
1664_0015_0013_0028_0028.jpg 1 15 13 28 28
1665_0014_0003_0027_0027.jpg 1 14 3 27 27
1666_0004_0016_0027_0027.jpg 1 4 16 27 27
1667_0017_0014_0031_0031.jpg 1 17 14 31 31
1668_0015_0002_0032_0032.jpg 1 15 2 32 32
1669_0004_0009_0028_0028.jpg 1 4 9 28 28
1670_0013_0016_0026_0026.jpg 1 13 16 26 26
1671_0005_0010_0031_0031.jpg 1 5 10 31 31
1672_0015_0013_0030_0030.jpg 1 15 13 30 30
1673_0014_0006_0029_0029.jpg 1 14 6 29 29
1674_0004_0009_0025_0025.jpg 1 4 9 25 25
1675_0008_0002_0032_0032.jpg 1 8 2 32 32
1676_0021_0009_0024_0024.jpg 1 21 9 24 24
1677_0011_0020_0026_0026.jpg 1 11 20 26 26
1678_0018_0004_0025_0025.jpg 1 18 4 25 25
1679_0015_0006_0030_0030.jpg 1 15 6 30 30
1680_0008_0014_0031_0031.jpg 1 8 14 31 31
1681_0011_0014_0030_0030.jpg 1 11 14 30 30
1682_0016_0006_0025_0025.jpg 1 16 6 25 25
1683_0018_0019_0027_0027.jpg 1 18 19 27 27
1684_0004_0013_0032_0032.jpg 1 4 13 32 32
1685_0007_0004_0031_0031.jpg 1 7 4 31 31
1686_0009_0015_0031_0031.jpg 1 9 15 31 31
1687_0009_0005_0031_0031.jpg 1 9 5 31 31
1688_0004_0013_0033_0033.jpg 1 4 13 33 33
1689_0014_0008_0033_0033.jpg 1 14 8 33 33
1690_0011_0014_0031_0031.jpg 1 11 14 31 31
1691_0005_0002_0032_0032.jpg 1 5 2 32 32
1692_0011_0010_0024_0024.jpg 1 11 10 24 24
1693_0015_0016_0025_0025.jpg 1 15 16 25 25
1694_0010_0004_0034_0034.jpg 1 10 4 34 34
1695_0010_0002_0027_0027.jpg 1 10 2 27 27
1696_0006_0012_0034_0034.jpg 1 6 12 34 34
1697_0007_0016_0030_0030.jpg 1 7 16 30 30
1698_0005_0010_0028_0028.jpg 1 5 10 28 28
1699_0011_0006_0028_0028.jpg 1 11 6 28 28
1700_0002_0011_0032_0032.jpg 1 2 11 32 32
1701_0013_0015_0025_0025.jpg 1 13 15 25 25
1702_0004_0006_0027_0027.jpg 1 4 6 27 27
1703_0002_0017_0030_0030.jpg 1 2 17 30 30
1704_0010_0013_0030_0030.jpg 1 10 13 30 30
1705_0006_0012_0025_0025.jpg 1 6 12 25 25
1706_0006_0014_0031_0031.jpg 1 6 14 31 31
1707_0012_0015_0024_0024.jpg 1 12 15 24 24
1708_0007_0012_0027_0027.jpg 1 7 12 27 27
1709_0007_0006_0028_0028.jpg 1 7 6 28 28
1710_0018_0016_0027_0027.jpg 1 18 16 27 27
1711_0012_0004_0030_0030.jpg 1 12 4 30 30
1712_0007_0010_0030_0030.jpg 1 7 10 30 30
1713_0011_0008_0025_0025.jpg 1 11 8 25 25
1714_0013_0014_0027_0027.jpg 1 13 14 27 27
1715_0013_0009_0032_0032.jpg 1 13 9 32 32
1716_0014_0008_0032_0032.jpg 1 14 8 32 32
1717_0017_0008_0030_0030.jpg 1 17 8 30 30
1718_0010_0011_0029_0029.jpg 1 10 11 29 29
1719_0016_0004_0029_0029.jpg 1 16 4 29 29
1720_0017_0014_0026_0026.jpg 1 17 14 26 26
1721_0011_0014_0029_0029.jpg 1 11 14 29 29
1722_0015_0019_0028_0028.jpg 1 15 19 28 28
1723_0018_0013_0026_0026.jpg 1 18 13 26 26
1724_0002_0003_0031_0031.jpg 1 2 3 31 31
1725_0013_0006_0027_0027.jpg 1 13 6 27 27
1726_0003_0002_0034_0034.jpg 1 3 2 34 34
1727_0004_0001_0034_0034.jpg 1 4 1 34 34
1728_0007_0006_0029_0029.jpg 1 7 6 29 29
1729_0015_0021_0024_0024.jpg 1 15 21 24 24
1730_0005_0016_0025_0025.jpg 1 5 16 25 25
1731_0010_0003_0034_0034.jpg 1 10 3 34 34
1732_0009_0004_0030_0030.jpg 1 9 4 30 30
1733_0009_0009_0031_0031.jpg 1 9 9 31 31
1734_0012_0017_0025_0025.jpg 1 12 17 25 25
1735_0015_0009_0032_0032.jpg 1 15 9 32 32
1736_0009_0008_0032_0032.jpg 1 9 8 32 32
1737_0007_0002_0034_0034.jpg 1 7 2 34 34
1738_0005_0004_0032_0032.jpg 1 5 4 32 32
1739_0003_0019_0025_0025.jpg 1 3 19 25 25
1740_0007_0015_0028_0028.jpg 1 7 15 28 28
1741_0007_0013_0028_0028.jpg 1 7 13 28 28
1742_0013_0004_0026_0026.jpg 1 13 4 26 26
1743_0016_0009_0024_0024.jpg 1 16 9 24 24
1744_0018_0004_0025_0025.jpg 1 18 4 25 25
1745_0014_0008_0031_0031.jpg 1 14 8 31 31
1746_0007_0005_0030_0030.jpg 1 7 5 30 30
1747_0003_0003_0033_0033.jpg 1 3 3 33 33
1748_0015_0005_0024_0024.jpg 1 15 5 24 24
1749_0004_0011_0029_0029.jpg 1 4 11 29 29
1750_0016_0003_0029_0029.jpg 1 16 3 29 29
1751_0008_0004_0028_0028.jpg 1 8 4 28 28
1752_0012_0006_0027_0027.jpg 1 12 6 27 27
1753_0015_0005_0032_0032.jpg 1 15 5 32 32
1754_0006_0006_0034_0034.jpg 1 6 6 34 34
1755_0009_0003_0026_0026.jpg 1 9 3 26 26
1756_0020_0008_0025_0025.jpg 1 20 8 25 25
1757_0017_0010_0028_0028.jpg 1 17 10 28 28
1758_0008_0008_0034_0034.jpg 1 8 8 34 34
1759_0009_0014_0031_0031.jpg 1 9 14 31 31
1760_0021_0020_0024_0024.jpg 1 21 20 24 24
1761_0011_0015_0032_0032.jpg 1 11 15 32 32
1762_0018_0021_0024_0024.jpg 1 18 21 24 24
1763_0021_0020_0025_0025.jpg 1 21 20 25 25
1764_0009_0007_0031_0031.jpg 1 9 7 31 31
1765_0015_0005_0032_0032.jpg 1 15 5 32 32
1766_0004_0014_0031_0031.jpg 1 4 14 31 31
1767_0015_0002_0030_0030.jpg 1 15 2 30 30
1768_0012_0003_0033_0033.jpg 1 12 3 33 33
1769_0018_0018_0025_0025.jpg 1 18 18 25 25
1770_0002_0011_0031_0031.jpg 1 2 11 31 31
1771_0009_0003_0031_0031.jpg 1 9 3 31 31
1772_0013_0008_0032_0032.jpg 1 13 8 32 32
1773_0005_0017_0027_0027.jpg 1 5 17 27 27
1774_0013_0008_0030_0030.jpg 1 13 8 30 30
1775_0008_0013_0031_0031.jpg 1 8 13 31 31
1776_0004_0005_0032_0032.jpg 1 4 5 32 32
1777_0003_0004_0032_0032.jpg 1 3 4 32 32
1778_0014_0010_0033_0033.jpg 1 14 10 33 33
1779_0015_0007_0032_0032.jpg 1 15 7 32 32
1780_0005_0014_0031_0031.jpg 1 5 14 31 31
1781_0003_0016_0025_0025.jpg 1 3 16 25 25
1782_0012_0018_0026_0026.jpg 1 12 18 26 26
1783_0002_0010_0031_0031.jpg 1 2 10 31 31
1784_0013_0003_0027_0027.jpg 1 13 3 27 27
1785_0015_0006_0024_0024.jpg 1 15 6 24 24
1786_0004_0012_0024_0024.jpg 1 4 12 24 24
1787_0007_0003_0034_0034.jpg 1 7 3 34 34
1788_0012_0004_0028_0028.jpg 1 12 4 28 28
1789_0011_0014_0026_0026.jpg 1 11 14 26 26
1790_0004_0007_0030_0030.jpg 1 4 7 30 30
1791_0014_0017_0028_0028.jpg 1 14 17 28 28
1792_0018_0020_0025_0025.jpg 1 18 20 25 25
1793_0008_0004_0034_0034.jpg 1 8 4 34 34
1794_0014_0006_0029_0029.jpg 1 14 6 29 29
1795_0014_0004_0030_0030.jpg 1 14 4 30 30
1796_0008_0009_0034_0034.jpg 1 8 9 34 34
1797_0007_0017_0029_0029.jpg 1 7 17 29 29
1798_0013_0002_0031_0031.jpg 1 13 2 31 31
1799_0015_0012_0028_0028.jpg 1 15 12 28 28
1800_0003_0006_0034_0034.jpg 1 3 6 34 34
1801_0016_0010_0031_0031.jpg 1 16 10 31 31
1802_0007_0016_0032_0032.jpg 1 7 16 32 32
1803_0008_0004_0032_0032.jpg 1 8 4 32 32
1804_0003_0009_0031_0031.jpg 1 3 9 31 31
1805_0005_0001_0032_0032.jpg 1 5 1 32 32
1806_0011_0017_0029_0029.jpg 1 11 17 29 29
1807_0003_0008_0028_0028.jpg 1 3 8 28 28
1808_0004_0014_0033_0033.jpg 1 4 14 33 33
1809_0014_0012_0029_0029.jpg 1 14 12 29 29
1810_0006_0007_0033_0033.jpg 1 6 7 33 33
1811_0003_0011_0034_0034.jpg 1 3 11 34 34
1812_0013_0009_0031_0031.jpg 1 13 9 31 31
1813_0014_0011_0031_0031.jpg 1 14 11 31 31
1814_0011_0016_0030_0030.jpg 1 11 16 30 30
1815_0011_0015_0028_0028.jpg 1 11 15 28 28
1816_0005_0004_0033_0033.jpg 1 5 4 33 33
1817_0013_0009_0026_0026.jpg 1 13 9 26 26
1818_0004_0013_0034_0034.jpg 1 4 13 34 34
1819_0016_0013_0029_0029.jpg 1 16 13 29 29
1820_0008_0010_0028_0028.jpg 1 8 10 28 28
1821_0020_0009_0025_0025.jpg 1 20 9 25 25
1822_0014_0015_0032_0032.jpg 1 14 15 32 32
1823_0013_0016_0026_0026.jpg 1 13 16 26 26
1824_0019_0022_0025_0025.jpg 1 19 22 25 25
1825_0003_0006_0027_0027.jpg 1 3 6 27 27
1826_0015_0010_0033_0033.jpg 1 15 10 33 33
1827_0011_0008_0030_0030.jpg 1 11 8 30 30
1828_0002_0011_0032_0032.jpg 1 2 11 32 32
1829_0007_0004_0034_0034.jpg 1 7 4 34 34
1830_0018_0017_0028_0028.jpg 1 18 17 28 28
1831_0015_0005_0026_0026.jpg 1 15 5 26 26
1832_0003_0008_0034_0034.jpg 1 3 8 34 34
1833_0005_0009_0034_0034.jpg 1 5 9 34 34
1834_0015_0005_0027_0027.jpg 1 15 5 27 27
1835_0010_0003_0034_0034.jpg 1 10 3 34 34
1836_0016_0006_0025_0025.jpg 1 16 6 25 25
1837_0007_0004_0030_0030.jpg 1 7 4 30 30
1838_0006_0006_0029_0029.jpg 1 6 6 29 29
1839_0010_0010_0028_0028.jpg 1 10 10 28 28
1840_0013_0005_0031_0031.jpg 1 13 5 31 31
1841_0018_0011_0026_0026.jpg 1 18 11 26 26
1842_0010_0011_0029_0029.jpg 1 10 11 29 29
1843_0005_0011_0025_0025.jpg 1 5 11 25 25
1844_0003_0015_0026_0026.jpg 1 3 15 26 26
1845_0005_0008_0028_0028.jpg 1 5 8 28 28
1846_0016_0002_0025_0025.jpg 1 16 2 25 25
1847_0002_0013_0032_0032.jpg 1 2 13 32 32
1848_0010_0008_0030_0030.jpg 1 10 8 30 30
1849_0008_0013_0029_0029.jpg 1 8 13 29 29
1850_0011_0005_0032_0032.jpg 1 11 5 32 32
1851_0009_0005_0034_0034.jpg 1 9 5 34 34
1852_0002_0014_0030_0030.jpg 1 2 14 30 30
1853_0014_0002_0031_0031.jpg 1 14 2 31 31
1854_0010_0010_0034_0034.jpg 1 10 10 34 34
1855_0013_0012_0032_0032.jpg 1 13 12 32 32
1856_0008_0013_0026_0026.jpg 1 8 13 26 26
1857_0013_0006_0031_0031.jpg 1 13 6 31 31
1858_0010_0010_0033_0033.jpg 1 10 10 33 33
1859_0013_0009_0034_0034.jpg 1 13 9 34 34
1860_0018_0014_0028_0028.jpg 1 18 14 28 28
1861_0004_0013_0028_0028.jpg 1 4 13 28 28
1862_0007_0015_0029_0029.jpg 1 7 15 29 29
1863_0013_0007_0030_0030.jpg 1 13 7 30 30
1864_0012_0002_0032_0032.jpg 1 12 2 32 32
1865_0005_0003_0032_0032.jpg 1 5 3 32 32
1866_0015_0012_0032_0032.jpg 1 15 12 32 32
1867_0011_0003_0026_0026.jpg 1 11 3 26 26
1868_0006_0014_0031_0031.jpg 1 6 14 31 31
1869_0020_0021_0025_0025.jpg 1 20 21 25 25
1870_0008_0011_0033_0033.jpg 1 8 11 33 33
1871_0012_0013_0029_0029.jpg 1 12 13 29 29
1872_0009_0003_0028_0028.jpg 1 9 3 28 28
1873_0010_0010_0024_0024.jpg 1 10 10 24 24
1874_0005_0001_0034_0034.jpg 1 5 1 34 34
1875_0015_0011_0032_0032.jpg 1 15 11 32 32
1876_0015_0018_0028_0028.jpg 1 15 18 28 28
1877_0007_0009_0029_0029.jpg 1 7 9 29 29
1878_0010_0008_0026_0026.jpg 1 10 8 26 26
1879_0009_0004_0029_0029.jpg 1 9 4 29 29
1880_0006_0012_0034_0034.jpg 1 6 12 34 34
1881_0009_0004_0031_0031.jpg 1 9 4 31 31
1882_0011_0009_0029_0029.jpg 1 11 9 29 29
1883_0005_0016_0028_0028.jpg 1 5 16 28 28
1884_0007_0013_0031_0031.jpg 1 7 13 31 31
1885_0009_0020_0026_0026.jpg 1 9 20 26 26
1886_0008_0004_0028_0028.jpg 1 8 4 28 28
1887_0020_0010_0025_0025.jpg 1 20 10 25 25
1888_0008_0014_0032_0032.jpg 1 8 14 32 32
1889_0014_0014_0028_0028.jpg 1 14 14 28 28
1890_0017_0018_0025_0025.jpg 1 17 18 25 25
1891_0008_0004_0033_0033.jpg 1 8 4 33 33
1892_0014_0005_0033_0033.jpg 1 14 5 33 33
1893_0007_0009_0026_0026.jpg 1 7 9 26 26
1894_0004_0006_0033_0033.jpg 1 4 6 33 33
1895_0004_0015_0032_0032.jpg 1 4 15 32 32
1896_0002_0006_0025_0025.jpg 1 2 6 25 25
1897_0011_0019_0026_0026.jpg 1 11 19 26 26
1898_0004_0006_0030_0030.jpg 1 4 6 30 30
1899_0008_0007_0031_0031.jpg 1 8 7 31 31
1900_0006_0004_0034_0034.jpg 1 6 4 34 34
1901_0015_0011_0024_0024.jpg 1 15 11 24 24
1902_0006_0003_0024_0024.jpg 1 6 3 24 24
1903_0017_0006_0029_0029.jpg 1 17 6 29 29
1904_0008_0013_0024_0024.jpg 1 8 13 24 24
1905_0018_0011_0024_0024.jpg 1 18 11 24 24
1906_0007_0010_0025_0025.jpg 1 7 10 25 25
1907_0008_0003_0034_0034.jpg 1 8 3 34 34
1908_0016_0002_0029_0029.jpg 1 16 2 29 29
1909_0004_0016_0025_0025.jpg 1 4 16 25 25
1910_0015_0014_0024_0024.jpg 1 15 14 24 24
1911_0006_0008_0031_0031.jpg 1 6 8 31 31
1912_0003_0017_0025_0025.jpg 1 3 17 25 25
1913_0008_0004_0032_0032.jpg 1 8 4 32 32
1914_0007_0012_0027_0027.jpg 1 7 12 27 27
1915_0003_0017_0026_0026.jpg 1 3 17 26 26
1916_0015_0006_0032_0032.jpg 1 15 6 32 32
1917_0015_0007_0028_0028.jpg 1 15 7 28 28
1918_0010_0007_0034_0034.jpg 1 10 7 34 34
1919_0009_0012_0024_0024.jpg 1 9 12 24 24
1920_0014_0008_0033_0033.jpg 1 14 8 33 33
1921_0017_0016_0029_0029.jpg 1 17 16 29 29
1922_0008_0018_0027_0027.jpg 1 8 18 27 27
1923_0015_0016_0028_0028.jpg 1 15 16 28 28
1924_0007_0018_0026_0026.jpg 1 7 18 26 26
1925_0012_0006_0028_0028.jpg 1 12 6 28 28
1926_0006_0014_0029_0029.jpg 1 6 14 29 29
1927_0009_0007_0030_0030.jpg 1 9 7 30 30
1928_0015_0004_0031_0031.jpg 1 15 4 31 31
1929_0007_0003_0029_0029.jpg 1 7 3 29 29
1930_0013_0013_0034_0034.jpg 1 13 13 34 34
1931_0013_0009_0028_0028.jpg 1 13 9 28 28
1932_0014_0020_0025_0025.jpg 1 14 20 25 25
1933_0018_0014_0029_0029.jpg 1 18 14 29 29
1934_0006_0004_0031_0031.jpg 1 6 4 31 31
1935_0002_0002_0026_0026.jpg 1 2 2 26 26
1936_0017_0007_0030_0030.jpg 1 17 7 30 30
1937_0018_0019_0024_0024.jpg 1 18 19 24 24
1938_0020_0014_0026_0026.jpg 1 20 14 26 26
1939_0005_0008_0026_0026.jpg 1 5 8 26 26
1940_0008_0010_0028_0028.jpg 1 8 10 28 28
1941_0018_0008_0026_0026.jpg 1 18 8 26 26
1942_0016_0014_0028_0028.jpg 1 16 14 28 28
1943_0013_0004_0032_0032.jpg 1 13 4 32 32
1944_0015_0011_0031_0031.jpg 1 15 11 31 31
1945_0016_0019_0028_0028.jpg 1 16 19 28 28
1946_0008_0018_0026_0026.jpg 1 8 18 26 26
1947_0011_0006_0030_0030.jpg 1 11 6 30 30
1948_0007_0009_0029_0029.jpg 1 7 9 29 29
1949_0007_0018_0028_0028.jpg 1 7 18 28 28
1950_0007_0013_0027_0027.jpg 1 7 13 27 27
1951_0004_0016_0028_0028.jpg 1 4 16 28 28
1952_0009_0007_0026_0026.jpg 1 9 7 26 26
1953_0013_0018_0028_0028.jpg 1 13 18 28 28
1954_0013_0002_0030_0030.jpg 1 13 2 30 30
1955_0007_0012_0031_0031.jpg 1 7 12 31 31
1956_0018_0017_0029_0029.jpg 1 18 17 29 29
1957_0017_0013_0031_0031.jpg 1 17 13 31 31
1958_0012_0010_0032_0032.jpg 1 12 10 32 32
1959_0013_0004_0032_0032.jpg 1 13 4 32 32
1960_0011_0006_0031_0031.jpg 1 11 6 31 31
1961_0010_0014_0030_0030.jpg 1 10 14 30 30
1962_0012_0002_0030_0030.jpg 1 12 2 30 30
1963_0012_0012_0031_0031.jpg 1 12 12 31 31
1964_0005_0020_0024_0024.jpg 1 5 20 24 24
1965_0006_0005_0032_0032.jpg 1 6 5 32 32
1966_0009_0014_0031_0031.jpg 1 9 14 31 31
1967_0012_0011_0027_0027.jpg 1 12 11 27 27
1968_0015_0005_0033_0033.jpg 1 15 5 33 33
1969_0013_0010_0034_0034.jpg 1 13 10 34 34
1970_0011_0008_0034_0034.jpg 1 11 8 34 34
1971_0007_0004_0032_0032.jpg 1 7 4 32 32
1972_0016_0007_0025_0025.jpg 1 16 7 25 25
1973_0005_0004_0031_0031.jpg 1 5 4 31 31
1974_0010_0001_0034_0034.jpg 1 10 1 34 34
1975_0003_0003_0026_0026.jpg 1 3 3 26 26
1976_0006_0007_0025_0025.jpg 1 6 7 25 25
1977_0004_0016_0030_0030.jpg 1 4 16 30 30
1978_0005_0013_0028_0028.jpg 1 5 13 28 28
1979_0011_0014_0030_0030.jpg 1 11 14 30 30
1980_0012_0014_0029_0029.jpg 1 12 14 29 29
1981_0017_0019_0027_0027.jpg 1 17 19 27 27
1982_0011_0013_0033_0033.jpg 1 11 13 33 33
1983_0013_0001_0034_0034.jpg 1 13 1 34 34
1984_0016_0021_0025_0025.jpg 1 16 21 25 25
1985_0012_0005_0025_0025.jpg 1 12 5 25 25
1986_0008_0010_0030_0030.jpg 1 8 10 30 30
1987_0015_0007_0030_0030.jpg 1 15 7 30 30
1988_0013_0009_0031_0031.jpg 1 13 9 31 31
1989_0005_0018_0025_0025.jpg 1 5 18 25 25
1990_0021_0007_0025_0025.jpg 1 21 7 25 25
1991_0018_0005_0024_0024.jpg 1 18 5 24 24
1992_0009_0023_0024_0024.jpg 1 9 23 24 24
1993_0008_0021_0026_0026.jpg 1 8 21 26 26
1994_0008_0003_0028_0028.jpg 1 8 3 28 28
1995_0010_0004_0027_0027.jpg 1 10 4 27 27
1996_0003_0009_0034_0034.jpg 1 3 9 34 34
1997_0017_0009_0027_0027.jpg 1 17 9 27 27
1998_0011_0014_0034_0034.jpg 1 11 14 34 34
1999_0003_0017_0029_0029.jpg 1 3 17 29 29
2000_0007_0010_0032_0032.jpg 1 7 10 32 32
